95.001
304.594
9.96097 
9.55556
298.612
268.922
9.8219
9.70746
566.142
233.903
10.0006
9.55013
759.988 
197.093
10.1892
9.93338
493.691
303.572
9.87091
9.79685
719.945
269.182
9.84258
9.40428
774.459
232.346
9.8442
9.3851
622.797
193.025
10.762
10.6008
782.102
306.234
9.62365
9.12756
687.979 
269.752
10.721
10.4271
419.083
230.918
11.0743
10.8566
150.094
192.762 
10.9583
10.3654
509.816
308.224
11.0317
10.8603
219.967
269.899
10.6544
10.118
65.3674
232.087
9.64439
9.05966
115.964
197.061
10.0916
9.97011
87.3393
306.574 
10.8204
10.1834
79.4975
269.058
10.3827
9.71727
268.997
233.921
9.99971 
9.69501
534.302
198.758
9.79817
9.63278

