17.5102 -37.7054 45.4834
19.062 -35.8142 43.8146
23.1974 -20.8776 36.625
34.7806 92.7888 -8.58901
51.47 106.852 -8.68143
51.43 106.681 -9.14872
15.1011 -47.1916 36.0606
20.265 -29.2116 28.0974
15.1254 -43.0394 28.2973
47.3558 74.0748 -9.29715
38.2432 64.3707 -9.13984
21.7018 -20.9171 20.5311
41.626 54.9191 -4.6656
11.8306 -40.4797 22.4105
16.188 -43.4954 23.9526
27.3029 -35.2958 22.3451
38.4484 -31.9642 24.1103
35.6241 -39.8285 25.341
29.1851 -41.5433 22.6455
39.8684 -35.9419 24.1016
41.6332 -33.6193 22.9961
61.8224 58.4612 -13.305
39.0236 -41.2558 23.8714
16.9908 -42.7072 2.13169
28.6553 -51.9371 8.63318
47.3746 -51.6597 16.1147
48.2756 -49.9885 11.0842
41.4663 -61.7223 14.1383
63.9906 -15.162 -2.87771
