   1.7510165985143416e+01  -3.7705415446936286e+01   4.5483437465624000e+01
   1.9062014130934749e+01  -3.5814242408198481e+01   4.3814611832044605e+01
   2.3197405168076223e+01  -2.0877627868120271e+01   3.6624954472602631e+01
   3.4780556244470191e+01   9.2788773893509131e+01  -8.5890107792704899e+00
   5.1469955734952784e+01   1.0685248585465803e+02  -8.6814337958044927e+00
   5.1429998625282508e+01   1.0668136657208339e+02  -9.1487197571902215e+00
   1.5101082367755808e+01  -4.7191645074855671e+01   3.6060569143217236e+01
   2.0264983282540904e+01  -2.9211604860685668e+01   2.8097390540699511e+01
   1.5125408674418054e+01  -4.3039385668389571e+01   2.8297276690117080e+01
   4.7355836902544851e+01   7.4074821931627298e+01  -9.2971548718051675e+00
   3.8243216149287690e+01   6.4370702196953971e+01  -9.1398395554643397e+00
   2.1701808114903898e+01  -2.0917103488965836e+01   2.0531069300232950e+01
   4.1626006428074959e+01   5.4919083380504446e+01  -4.6655977042643970e+00
   1.1830573101450732e+01  -4.0479676665732370e+01   2.2410470641884526e+01
   1.6188027230506059e+01  -4.3495352073093045e+01   2.3952559710843627e+01
   2.7302909182994711e+01  -3.5295761779533848e+01   2.2345124513061990e+01
   3.8448445305671818e+01  -3.1964165536206565e+01   2.4110254203839862e+01
   3.5624133718222730e+01  -3.9828472816526528e+01   2.5340958047749798e+01
   2.9185080760953433e+01  -4.1543296423020138e+01   2.2645543160609741e+01
   3.9868389586126149e+01  -3.5941946104174406e+01   2.4101647929065976e+01
   4.1633171754861465e+01  -3.3619270568406364e+01   2.2996122492676776e+01
   6.1822426385503967e+01   5.8461217754752283e+01  -1.3305012196457247e+01
   3.9023550019918858e+01  -4.1255775013801326e+01   2.3871379917106616e+01
   1.6990800688969671e+01  -4.2707186135334496e+01   2.1316868979342201e+00
   2.8655301839765258e+01  -5.1937139040146633e+01   8.6331823486411459e+00
   4.7374584206878914e+01  -5.1659733692172779e+01   1.6114665216067241e+01
   4.8275646744633605e+01  -4.9988545376017782e+01   1.1084207997471500e+01
   4.1466260531127830e+01  -6.1722317563322747e+01   1.4138293330122403e+01
   6.3990550130073267e+01  -1.5161969459085924e+01  -2.8777128535744749e+00
