   1.7404400000000001e+02   4.5599600000000002e+01
   1.8789900000000000e+02   5.2379199999999997e+01
   2.2291700000000000e+02   7.0388900000000007e+01
   3.2799400000000003e+02   8.2010900000000007e+01
   4.2002400000000000e+02   7.6509399999999999e+01
   4.1926999999999998e+02   7.8946600000000004e+01
   1.2954499999999999e+02   1.3245099999999999e+02
   1.8286000000000001e+02   1.4078100000000001e+02
   1.2563100000000000e+02   1.7205600000000001e+02
   3.8306400000000002e+02   1.3852799999999999e+02
   3.2850599999999997e+02   1.4650800000000001e+02
   1.8995699999999999e+02   1.6752000000000001e+02
   3.4679000000000002e+02   1.4947900000000001e+02
   9.8281300000000002e+01   1.9805000000000001e+02
   1.2693400000000000e+02   2.0499600000000001e+02
   2.1597300000000001e+02   2.0800600000000000e+02
   3.0212099999999998e+02   2.0645599999999999e+02
   2.7579300000000001e+02   2.1704300000000001e+02
   2.2226800000000000e+02   2.2973300000000000e+02
   3.0898599999999999e+02   2.2199600000000001e+02
   3.2186000000000001e+02   2.2454499999999999e+02
   4.4995400000000001e+02   2.1195099999999999e+02
   2.9750099999999998e+02   2.3900299999999999e+02
   1.0598800000000000e+02   3.4000000000000000e+02
   1.8559200000000001e+02   3.5352600000000001e+02
   3.3754100000000000e+02   3.4050599999999997e+02
   3.3720600000000002e+02   3.6899200000000002e+02
   2.7935700000000003e+02   3.7896699999999998e+02
   4.4828800000000001e+02   3.6291800000000001e+02
