   3.5274925741587936e+02   2.0714218080484977e+02
   3.5052283540757730e+02   2.0612150195214818e+02
   3.5001883077341637e+02   2.0523607315341661e+02
   3.4775008500802335e+02   2.0729676790074365e+02
   3.4639146858882236e+02   2.0559411069430487e+02
   3.4441720906442288e+02   2.0553295280032606e+02
   3.4553726300457856e+02   2.0474306121814845e+02
   3.4269684824476428e+02   2.0181281860550345e+02
   3.4172421174096712e+02   2.0256982003022551e+02
   3.4113774893509549e+02   2.0406585658933179e+02
   3.3808662193344242e+02   2.0366974149347718e+02
   3.3565135409756152e+02   2.0047920811709005e+02
   3.3603581034546846e+02   1.9878996886781479e+02
   3.3462468188759249e+02   2.0120517655405644e+02
   3.3348013852332804e+02   1.9921732548422136e+02
   3.3304720986563490e+02   1.9892099013077507e+02
   3.3005946625241120e+02   1.9816101474210001e+02
   3.2833410004089995e+02   1.9823168562995161e+02
   3.2593506324243015e+02   1.9762327312859932e+02
   3.2599213462608003e+02   1.9892487681352748e+02
   3.2446351330811837e+02   1.9593078703420213e+02
   3.2206708637670920e+02   1.9752358696709041e+02
   3.2018034642329314e+02   1.9358807074802027e+02
   3.1976786817922607e+02   1.9685631115704942e+02
   3.1809726621643910e+02   1.9322347208073938e+02
   3.1766724658161951e+02   1.9463012736256829e+02
   3.1801434671409783e+02   1.9250743772963710e+02
   3.1366666936165768e+02   1.9337018296448795e+02
   3.1561414739970144e+02   1.9384016495656181e+02
   3.1347295341407494e+02   1.9301326000748153e+02
   3.1169516833818432e+02   1.9047438201143243e+02
   3.0929100191543733e+02   1.9250118731187641e+02
   3.1049971088165069e+02   1.9123643918655804e+02
   3.0622084628870482e+02   1.8986459513746502e+02
   3.0508396644767174e+02   1.8975828404929376e+02
   3.0491554474124365e+02   1.8778845204106074e+02
   3.0121044966548408e+02   1.8685160681515563e+02
   3.0298797527696354e+02   1.8673304123707632e+02
   2.9845651336925005e+02   1.8697450407081169e+02
   3.0094273754864861e+02   1.8558651404341467e+02
   2.9685986195100583e+02   1.8627378000891071e+02
   2.9504800206181318e+02   1.8542012756418583e+02
   2.9425220419134382e+02   1.8490614274983039e+02
   2.9339103222264964e+02   1.8430505835477916e+02
   2.9260162671953384e+02   1.8590427331089899e+02
   2.9200691548268634e+02   1.8393358960310323e+02
   2.9157168259964465e+02   1.8145221821886889e+02
   2.8768167469836521e+02   1.8363952019880591e+02
   2.8821826137654205e+02   1.7995504690212854e+02
   2.8400558904088791e+02   1.8011435378651319e+02
   2.8249870546649458e+02   1.8108261094676126e+02
   2.8395693551099151e+02   1.7847803001672523e+02
   2.8021683224427687e+02   1.8081665296121690e+02
   2.7980288312928690e+02   1.8047302405953835e+02
   2.7708426901913208e+02   1.7790833708982589e+02
   2.7914796034368743e+02   1.7943091979012630e+02
   2.7599554840069459e+02   1.7916830394436360e+02
   2.7292300043520100e+02   1.7661656648087316e+02
   2.7172992625161038e+02   1.7565119385841541e+02
   2.7068415479533422e+02   1.7701099104758950e+02
   2.7084906253774392e+02   1.7486880709249786e+02
   2.7027221874375130e+02   1.7359293817042104e+02
   2.6714824726495607e+02   1.7516939534658056e+02
   2.6518700545160618e+02   1.7370477668690859e+02
   2.6329027203788684e+02   1.7416831653041976e+02
   2.6554325765458202e+02   1.7295004174933064e+02
   2.6271091389039645e+02   1.7160852164006155e+02
   2.5978547517489312e+02   1.7237148463041621e+02
   2.5812688561392628e+02   1.7085525239844205e+02
   2.5802409810638369e+02   1.7227683720461835e+02
   2.5829094234754336e+02   1.7238521273650409e+02
   2.5618845091249881e+02   1.6976287444485030e+02
   2.5309256655945927e+02   1.6819149312320806e+02
   2.5124677294688564e+02   1.6836345783087896e+02
   2.5045864349965268e+02   1.6904050385936731e+02
   2.5198148727578277e+02   1.6729874153140682e+02
   2.5030323211531581e+02   1.6914576664299744e+02
   2.4578648702626879e+02   1.6528166921818357e+02
   2.4764388561652009e+02   1.6552672652393605e+02
   2.4613096840460832e+02   1.6583210894619668e+02
   2.4338175606066957e+02   1.6689474008626797e+02
   2.4049891428200826e+02   1.6616707836005776e+02
   2.4250227341786865e+02   1.6566308809250037e+02
   2.4078371278046527e+02   1.6290702357975522e+02
   2.4000327452825766e+02   1.6372866688418191e+02
   2.3683056105355908e+02   1.6152492292446772e+02
   2.3588621424741558e+02   1.6203539934409432e+02
   2.3632130857448308e+02   1.6021379144766078e+02
   2.3133830590054743e+02   1.6071789419006791e+02
   2.3217532127233844e+02   1.6099684149167686e+02
   2.3048997747862765e+02   1.5960406182940579e+02
   2.2756584792063668e+02   1.6150999350597345e+02
   2.2717585450289630e+02   1.5821302586941451e+02
   2.2529782915897525e+02   1.5683586818059973e+02
   2.2385482442497187e+02   1.5889085997833439e+02
   2.2475470915955475e+02   1.5860866740390168e+02
   2.2363875007831891e+02   1.5830365593856840e+02
   2.1894491007714097e+02   1.5520314885659360e+02
   2.1990694454413912e+02   1.5666099274547793e+02
   2.1696918093926291e+02   1.5676298106897110e+02
   2.1735755202316722e+02   1.5402007862746467e+02
   2.1594241379192749e+02   1.5276420876556816e+02
   2.1417639300145800e+02   1.5496204136982163e+02
   2.1303175530723982e+02   1.5312762001991214e+02
   2.1340947634533785e+02   1.5237384878942137e+02
   2.0975795091166188e+02   1.5226307563280758e+02
   2.6048011659335964e+02   1.6512750569830405e+02
   2.6424795309094378e+02   1.6817217955349261e+02
   2.6472534108429778e+02   1.6789983013607289e+02
   2.6306230671192367e+02   1.6624924845825541e+02
   2.6219850881591623e+02   1.6958406643977852e+02
   2.6188762550767717e+02   1.7010163921256463e+02
   3.3308729778380251e+02   1.8173786998892081e+02
   3.3319120807132873e+02   1.8093209118045837e+02
   3.2951565643067033e+02   1.8117365522452548e+02
   3.3102245225696470e+02   1.8069372433639509e+02
   3.3125968756892678e+02   1.8126684490558483e+02
   3.3232324523674146e+02   1.7721064666731090e+02
   3.3078690160341699e+02   1.7923380765766439e+02
   3.3376197886952548e+02   1.7892534961626703e+02
   3.3013048528847480e+02   1.7561291551760357e+02
   3.3112327471274136e+02   1.7682816217491157e+02
   3.3055532152621413e+02   1.7501411036522157e+02
   3.3114773180947998e+02   1.7534241586092836e+02
   3.3281153014865470e+02   1.7435957064441456e+02
   3.3103735361176103e+02   1.7601973878223168e+02
   3.3357872369946921e+02   1.7712350519075923e+02
   3.3402767891091941e+02   1.7354981153891663e+02
   3.3423034981786708e+02   1.7646954979289268e+02
   3.3235003321597253e+02   1.7552954007866043e+02
   3.3304261958752141e+02   1.7440629097155346e+02
   3.3395795356753428e+02   1.7580927935030550e+02
   3.3335365111695620e+02   1.7539453476499631e+02
   3.3439715587419676e+02   1.7474612247919777e+02
   3.3080731271663262e+02   1.7710331017498726e+02
   3.3216434607680100e+02   1.7631235953474516e+02
   3.3337018864112588e+02   1.7652745768155401e+02
   3.3472270329226569e+02   1.7875001612847984e+02
   3.3200618574306407e+02   1.7650678981091835e+02
   3.3165519708204823e+02   1.7719838671023729e+02
   3.3509428646160745e+02   1.7983909226893897e+02
   3.3512366682592437e+02   1.8017147181750303e+02
   3.3239470443091278e+02   1.8161824578265626e+02
   3.3359864380721325e+02   1.8116622400823906e+02
   3.3377325714495481e+02   1.8112456355227368e+02
   3.3330581785046138e+02   1.8308746325566233e+02
   3.3250005113012071e+02   1.8388587544381059e+02
   3.3392690970930903e+02   1.8251823040325718e+02
   3.3375232233149592e+02   1.8496139255838850e+02
   3.3480066451257153e+02   1.8727691952028661e+02
   3.3173336187522375e+02   1.8860469214052605e+02
   3.3425509967098083e+02   1.8957192090436303e+02
   3.3269300957635755e+02   1.8765361080482668e+02
   3.3478573589585096e+02   1.8932465555544348e+02
   3.3285766358863458e+02   1.8939215121152921e+02
   3.3245927245208878e+02   1.9018311468710385e+02
   3.3461507597445791e+02   1.9440102246252087e+02
   3.3382066945786499e+02   1.9445833200107842e+02
   3.3480520585246109e+02   1.9713047672551966e+02
   3.3415472308643024e+02   1.9748160655178449e+02
   3.3346676506510744e+02   1.9658452694115434e+02
   3.3284410382136531e+02   2.0078989419002070e+02
   3.3363029728967342e+02   1.9932065023136101e+02
   3.3243765987373246e+02   2.0314726164817648e+02
   3.3243313951617137e+02   2.0421668246576331e+02
   3.3254964627442769e+02   2.0586356103551216e+02
   3.3417658504266967e+02   2.0566409780847741e+02
   3.3343382366494734e+02   2.0851596770288205e+02
   3.3492989816764407e+02   2.0808301660505921e+02
   3.3340781372967143e+02   2.0927949367371764e+02
   3.3449553587626809e+02   2.1362682934329627e+02
   1.8080882837369290e+02   8.8066990364696167e+01
   1.7993388090255826e+02   8.5541151458115834e+01
   1.7788045761257237e+02   8.8117646333064883e+01
   1.7909405510273908e+02   8.6188044162525856e+01
   1.7770245257716707e+02   8.7264124643656231e+01
   1.7975555063367693e+02   8.4865081284362674e+01
   1.7891183482466874e+02   8.4801570821133893e+01
   1.7756435624678187e+02   8.6676036894739767e+01
   1.8061149286797993e+02   8.5084919691788755e+01
   1.7729772408112615e+02   8.2161786675912168e+01
   1.8109052977777239e+02   8.2573210617779878e+01
   1.7999637679707976e+02   8.4487212106610798e+01
   1.8045809065303311e+02   8.2200619330251513e+01
   1.7953590896231603e+02   8.1273743115243448e+01
   1.7916206074683362e+02   8.1075399169075027e+01
   1.7897929896500230e+02   8.0287007713606144e+01
   1.8250541756566872e+02   8.0865857475881214e+01
   1.8197992371019578e+02   7.9672712323409939e+01
   1.8326807210990407e+02   8.0669479971914583e+01
   1.8439549985987412e+02   7.7765969258745912e+01
   1.8162144457460909e+02   8.0097623704119798e+01
   1.8415333420493317e+02   7.7874013634534535e+01
   1.8550205305686757e+02   7.8501756070788630e+01
   1.8350354125619276e+02   7.7802441775361672e+01
   1.8661648459925505e+02   7.5936280076013446e+01
   1.8733395702375358e+02   7.3955981852021452e+01
   1.8555047045652273e+02   7.4322796462945817e+01
   1.9012170344920816e+02   7.3079170329499973e+01
   1.8745460661870285e+02   7.1394346303264001e+01
   1.8918893784022691e+02   7.1837273513133823e+01
   1.9199404974579397e+02   7.1535887075802762e+01
   1.9135568958726637e+02   7.0060309597920778e+01
   1.9446479762850637e+02   6.9257163951577112e+01
   1.9477172136974153e+02   6.8773371398958972e+01
   1.9338248549049013e+02   6.8986764414958898e+01
   1.9561933195560530e+02   6.7882612538406008e+01
   1.9525982231126642e+02   6.7815448762792457e+01
   1.9659870487624542e+02   6.8446271262235115e+01
   1.9912700319398348e+02   6.5786155386260148e+01
   2.0103439298715728e+02   6.8355841955581639e+01
   2.0247442406159684e+02   6.6627445921664872e+01
   2.0216773187068881e+02   6.5208993382718987e+01
   2.0439995941332063e+02   6.3663330165883977e+01
   2.0466228400078055e+02   6.5136190456994356e+01
   2.0696176931676240e+02   6.5268886907883598e+01
   2.0805875684467352e+02   6.2200153579165637e+01
   2.0808209703432055e+02   6.2770933709886968e+01
   2.0878291859728716e+02   6.3495021564056181e+01
   2.0958488216638131e+02   6.2829406245203621e+01
   2.1048336846371819e+02   6.2893791465445361e+01
   2.1315474813717276e+02   6.1612538988635265e+01
   2.1407044290934923e+02   5.8618123304866472e+01
   2.1287705426154039e+02   5.9134311569011011e+01
   2.1509563004839737e+02   5.9385368311370613e+01
   2.1430666214260029e+02   6.0113166421272858e+01
   2.1604659200864523e+02   5.6641550766535886e+01
   2.1916964221292255e+02   5.8188063199485391e+01
   2.2003875243576348e+02   5.9506999327555498e+01
   2.2006762627853490e+02   5.7233695792563807e+01
   2.2146622075541251e+02   5.7583918033528214e+01
   2.2213950596623567e+02   5.8448883283681525e+01
   2.2340155121526544e+02   5.6968772193751491e+01
   2.2455589599213178e+02   5.7844720211325395e+01
   2.2686442816949520e+02   5.7755184664683249e+01
   2.2737650600913949e+02   5.4221434911079768e+01
   2.2941110606515053e+02   5.7437965348199917e+01
   2.2769022235911493e+02   5.4075132692755766e+01
   2.2986173724294187e+02   5.3557600789874563e+01
   2.3105201248675215e+02   5.3576918725323068e+01
   2.3085867509180787e+02   5.6071239218124042e+01
   2.3059864285818983e+02   5.4960789577556412e+01
   2.3307841475170406e+02   5.5319647748646943e+01
   2.3466305172451044e+02   5.4914399834268977e+01
   2.3234345111292188e+02   5.5753925041829937e+01
   2.3340655907283346e+02   5.6765441890613943e+01
   2.3413642491737724e+02   5.6750233700413034e+01
   2.3709350899148097e+02   5.5363954096176165e+01
   2.3709072025030622e+02   5.5454397303481272e+01
   2.3884064845560957e+02   5.4913833206509828e+01
   2.3992142556439009e+02   5.6156069932422987e+01
   2.3931356726285370e+02   5.6616456640450494e+01
   2.3878006088482309e+02   5.5760789013267598e+01
   2.3933150487326716e+02   5.7497899765254040e+01
   2.3790361206958090e+02   5.4614866256305035e+01
   2.3985271964473216e+02   5.4036238001412435e+01
   2.4109468262343935e+02   5.6706834078497387e+01
   2.4082479234721066e+02   5.4456726902533724e+01
   2.3955972151504943e+02   5.5938821874620466e+01
   2.4135198880978902e+02   5.6276125069986968e+01
   2.4146285409873227e+02   5.6881218378496186e+01
   2.4182863019345879e+02   5.5675338116563346e+01
   2.4009603896492209e+02   5.8632215518357626e+01
   2.4111952426744725e+02   5.9266583053518531e+01
   2.4033203321903687e+02   6.0467626975402290e+01
   2.4336026004894558e+02   5.9265171964072671e+01
   2.4060353789602740e+02   5.9333557317343455e+01
   2.4307464925413197e+02   6.0563378365790896e+01
   2.4230428233388304e+02   5.8515917435414778e+01
   2.4213136189933269e+02   6.0918665036076817e+01
   2.4038684983242501e+02   6.0109051567909205e+01
   2.4280685410091991e+02   6.2094731649111971e+01
   2.4212189272925417e+02   6.2186123733750200e+01
   2.3867541813017075e+02   6.2230858279429704e+01
   2.4029526285698898e+02   6.2040271479068167e+01
   2.4014665627839150e+02   6.4406857930779196e+01
   2.3700338918787438e+02   6.3184815940697774e+01
   2.3741170612663626e+02   6.4952975706514081e+01
   2.3640299707010200e+02   6.3656949082784081e+01
   2.3769444743705503e+02   6.7196676361317330e+01
   2.3850474958930039e+02   6.6459292092312040e+01
   2.3695068224983618e+02   6.6485928062946030e+01
   2.3551065219117541e+02   6.7022260476808555e+01
   2.3659764402580541e+02   6.6819714951273383e+01
   2.3474260409455260e+02   7.0325698707474828e+01
   2.3355530910471663e+02   6.9901253277154183e+01
   2.3189004576411736e+02   7.1208218275531507e+01
   2.3347905582022793e+02   7.1224973534312980e+01
   2.2939114102698787e+02   7.2573416578572306e+01
   2.3122326035646873e+02   7.3912653415156143e+01
   2.3108668403238525e+02   7.4709705024184800e+01
   2.2777554236648956e+02   7.4884005620704258e+01
   2.2803699643341037e+02   7.3143714220905508e+01
   2.2788753825939082e+02   7.3031502816013230e+01
   2.2452178522616106e+02   7.4600809098626030e+01
   2.2471086756799400e+02   7.5916948861427116e+01
   2.2358500963659606e+02   7.7526889908237408e+01
   2.2223160747887437e+02   7.8825325843502355e+01
   2.2054933951664287e+02   7.7499370391903042e+01
   2.2172995709678958e+02   7.6784827572128336e+01
   2.1913986740463955e+02   7.8284383921610370e+01
   2.1710822620349632e+02   7.8899771757183615e+01
   2.1520647206518200e+02   7.8656616889190275e+01
   2.1423258284094010e+02   8.1553059392755998e+01
   2.1393715708833261e+02   8.2236864216502397e+01
   2.1445014957781265e+02   8.0872453800738029e+01
   2.1068791102085910e+02   8.3812960150482311e+01
   2.1179496027894155e+02   8.1479945526491377e+01
   2.1082844449669321e+02   8.4635908718294075e+01
   2.0793470603534874e+02   8.1885255550937359e+01
   2.0656692904745432e+02   8.3705638141898206e+01
   2.0648893738644418e+02   8.4229473417755713e+01
   2.0480192548130580e+02   8.6009611569528687e+01
   2.0579195265739227e+02   8.6212577321249853e+01
   2.0432418289464681e+02   8.6658184444931763e+01
   2.0291651708841044e+02   8.4526485611746409e+01
   2.0051966270824536e+02   8.5610847647446647e+01
   1.9973474854893988e+02   8.5674812145581413e+01
   1.9905559049208387e+02   8.7109437448313443e+01
   1.9650361712688530e+02   8.9164134065182864e+01
   1.9521001628344160e+02   8.8089517778762300e+01
   1.9613365377912362e+02   8.8227451064352366e+01
   1.9323124400910996e+02   8.6719456803384901e+01
   1.9271897129615635e+02   8.9465757784149162e+01
   1.9421776091292941e+02   8.7297776470991280e+01
   1.9397391477376232e+02   8.9990933744647990e+01
   1.9015895828643403e+02   8.8377137547771383e+01
   1.9223949521070122e+02   8.8108730467399567e+01
   1.9107423847655409e+02   8.7442873346489677e+01
   1.8715696387387572e+02   8.9283978475474797e+01
   1.8904280403262013e+02   8.8404809973780772e+01
   1.8912752927870739e+02   8.8180737198375070e+01
   1.8729738778200789e+02   8.9545634522979924e+01
   1.8407897550349986e+02   8.8985596551194632e+01
   1.8443984168888301e+02   8.9718609598710543e+01
   1.8262265209587727e+02   8.7592875953841897e+01
   1.8462143003089906e+02   8.8947433284620928e+01
   1.8135634692867274e+02   8.7970095820906209e+01
   1.8099102998029414e+02   8.7954736535537236e+01
   1.8038134811250265e+02   8.9014471800421063e+01
   1.8259293260252969e+02   8.9613955472557265e+01
   1.8092736485954782e+02   8.9241231462519949e+01
   1.7984067030154574e+02   8.7167034928244476e+01
   1.7840549152865560e+02   8.8057643077750583e+01
   1.8041071716340591e+02   8.8054093196981128e+01
   1.8106460719761861e+02   8.8004980574928055e+01
   1.8019845998608093e+02   8.8866689111394351e+01
   3.4218688921910882e+02   1.3723094311839910e+02
   3.4142201019573037e+02   1.3903697877341793e+02
   3.3991463572563839e+02   1.3579653088554005e+02
   3.4072005557270984e+02   1.3642174760916134e+02
   3.3854348375712465e+02   1.3751872050417154e+02
   3.3713366808956772e+02   1.3518819216435872e+02
   3.3981788324499814e+02   1.3580749299487888e+02
   3.3652800588480801e+02   1.3655516181395063e+02
   3.3797300386070066e+02   1.3751551034991189e+02
   3.3788414605098654e+02   1.3563894433927069e+02
   3.3553535825015388e+02   1.3643643427963110e+02
   3.3770309014507637e+02   1.3645877184239092e+02
   3.3678453641555359e+02   1.3430714164686378e+02
   3.3769507467422744e+02   1.3334406537999581e+02
   3.3571112100157859e+02   1.3187528944915479e+02
   3.3668059615536509e+02   1.3458949657573407e+02
   3.3410817795942228e+02   1.3309194357619947e+02
   3.3730673310491005e+02   1.3150553701034511e+02
   3.3391340857396489e+02   1.2987121547914450e+02
   3.3349341922197459e+02   1.3080754191834649e+02
   3.3675983819850063e+02   1.3158486157425878e+02
   3.3677002771101905e+02   1.2978235009389965e+02
   3.3534970557092180e+02   1.2778060563429322e+02
   3.3395310359731030e+02   1.2819836634216119e+02
   3.3613605833916762e+02   1.2965156590971924e+02
   3.3519858560832176e+02   1.2756871294593597e+02
   3.3650433345506883e+02   1.2954000467928049e+02
   3.3634485990972371e+02   1.3034113602830180e+02
   3.3867193779390362e+02   1.2918191372480203e+02
   3.3612024919527914e+02   1.2620978509246201e+02
   3.3875541043146666e+02   1.2759911525668650e+02
   3.3870723851672807e+02   1.2788874093202432e+02
   3.3729541658557434e+02   1.2974001456466559e+02
   3.3793626381048381e+02   1.2951517548355289e+02
   3.3960519641914556e+02   1.2877515267972242e+02
   3.3884894011971949e+02   1.2739516991580932e+02
   3.3803141788091614e+02   1.2701810306662230e+02
   3.4074964762902914e+02   1.2854485171313269e+02
   3.3809039646371446e+02   1.2767919174955333e+02
   3.3980383316128069e+02   1.2689253431820370e+02
   3.3901975806804421e+02   1.3093287726770345e+02
   3.4066305563375488e+02   1.3110500965817567e+02
   3.4056679401296913e+02   1.2815041963431895e+02
   3.3991937928913700e+02   1.3137586515850549e+02
   3.3934708788521539e+02   1.2919550843681563e+02
   3.4045566293222635e+02   1.2975231379536666e+02
   3.3902765835513566e+02   1.3073602338124047e+02
   3.4022886572455695e+02   1.3249504066899618e+02
   3.4293551947740684e+02   1.3224358018308487e+02
   3.4014952364892588e+02   1.3133969715364753e+02
   3.3959585348611279e+02   1.3135465674132163e+02
   3.3945147481740526e+02   1.3510595164122620e+02
   3.4225488931632844e+02   1.3508907571147751e+02
   3.4115554358650888e+02   1.3570678065526664e+02
   3.3974669361516732e+02   1.3425139500572678e+02
   3.3834405833487335e+02   1.3720392422110240e+02
   3.3740483236284319e+02   1.3615020409296488e+02
   3.4001509591137801e+02   1.3760167564691847e+02
   3.3844280329954324e+02   1.3760411176738543e+02
   3.3876524249968406e+02   1.3536449776975246e+02
   3.3746632477970934e+02   1.3735069394273268e+02
   3.3718233405840300e+02   1.3902240332636950e+02
   3.3493346529783497e+02   1.3691081777660403e+02
   3.3545052934373814e+02   1.3636624056215484e+02
   3.3443160889857739e+02   1.3944122733301984e+02
   3.3504867049323104e+02   1.3900917705159773e+02
   3.3406784026064395e+02   1.3796769679666312e+02
   3.3270964360561885e+02   1.3910397889606978e+02
   3.3468458061408808e+02   1.3686877670476895e+02
   3.3175402037816542e+02   1.3862808167578015e+02
   3.3094887468095152e+02   1.3791122392652906e+02
   3.3151835324358279e+02   1.3827465367158476e+02
   3.3011583125588510e+02   1.3857256980354214e+02
   3.2910497669191489e+02   1.3958290369640295e+02
   3.2860032723213828e+02   1.3926522318381154e+02
   3.2983143829190357e+02   1.3966587292932925e+02
   3.2800687736079777e+02   1.3658932503037866e+02
   3.2707607991381252e+02   1.3910683280030054e+02
   3.2798569122891035e+02   1.3594735705255150e+02
   3.2880666295523093e+02   1.3772305158855150e+02
   3.2573320030196999e+02   1.3486672411754421e+02
   3.2710748850152976e+02   1.3468338726170998e+02
   3.2736594493474644e+02   1.3566708700174198e+02
   3.2544248701423049e+02   1.3526574240278555e+02
   3.2688761312101076e+02   1.3509270109093569e+02
   3.2702234641710584e+02   1.3485545748623358e+02
   3.2550523155637524e+02   1.3350987413976716e+02
   3.2703903937883678e+02   1.3182362249585276e+02
   3.2620633462189397e+02   1.3154244717815027e+02
   3.2511733551161240e+02   1.3434071568497143e+02
   3.2587201895817674e+02   1.3232540298565723e+02
   3.2335911056119033e+02   1.3305674809579952e+02
   3.2650603155048282e+02   1.3214293140278610e+02
   3.2482866966873746e+02   1.3129052607486409e+02
   3.2399749887682697e+02   1.3234056509140265e+02
   3.2470969795335355e+02   1.3177408869429212e+02
   3.2365251226564476e+02   1.2896278846337006e+02
   3.2718632491597754e+02   1.3106994240582986e+02
   3.2709379716312446e+02   1.3041577650291316e+02
   3.2553592932344679e+02   1.2802194237589538e+02
   3.2842806208852278e+02   1.3090178643592765e+02
   3.2843874064970390e+02   1.3027261637625406e+02
   3.2858064477524050e+02   1.2788800497139560e+02
   3.2765293654588703e+02   1.2806819322115427e+02
   3.2651012026683753e+02   1.3015986438977401e+02
   3.2726147663451047e+02   1.2768444546141264e+02
   3.2993393023489142e+02   1.2906859345066053e+02
   3.2764640784867009e+02   1.3090109238723869e+02
   3.2754741555030245e+02   1.2737981785614137e+02
   3.2893200437219087e+02   1.2931766581323180e+02
   3.2842242282080377e+02   1.2903721884237896e+02
   3.2867844534510431e+02   1.3073259510254411e+02
   3.3052580701321000e+02   1.2951225640435354e+02
   3.2998760309246637e+02   1.2896467725983592e+02
   3.2911993806643551e+02   1.2887183249316362e+02
   3.2948641980860060e+02   1.3019044501384019e+02
   3.2910881707217709e+02   1.3331853033303778e+02
   3.3078000083047186e+02   1.3356699405622206e+02
   3.3127906416486240e+02   1.3208913070147599e+02
   3.3039390878491514e+02   1.3469255044035884e+02
   3.3031797933023631e+02   1.3270306849865710e+02
   3.3172837813268120e+02   1.3498615598163514e+02
   3.2891198335089035e+02   1.3576427074814188e+02
   3.2939903390662613e+02   1.3472716101613457e+02
   3.3091395282512235e+02   1.3649364471279253e+02
   3.3014940293835150e+02   1.3690396709907711e+02
   3.2790269352673488e+02   1.3774778200589941e+02
   3.3124256206431551e+02   1.3673504388055795e+02
   3.2702203742414423e+02   1.3708977599342734e+02
   3.2990366454050462e+02   1.3796007411604128e+02
   3.2763559812674504e+02   1.3823595502969752e+02
   3.2748664694814050e+02   1.3971524070511131e+02
   3.2923691515377010e+02   1.3720219688493626e+02
   3.2720707354352010e+02   1.4015185659295054e+02
   3.2501374045575540e+02   1.3906350914435663e+02
   3.2671012996381552e+02   1.4074759182652423e+02
   3.2661618358126822e+02   1.3958647597196392e+02
   3.2386488769465672e+02   1.3958320248594333e+02
   3.2517537682582099e+02   1.3848107935471742e+02
   3.2241678133212156e+02   1.4140159233935282e+02
   3.2347206207874660e+02   1.3984502447545756e+02
   3.2152973012939981e+02   1.3981915852919934e+02
   3.2088762290926820e+02   1.4123681110104337e+02
   3.2032449900469823e+02   1.3885208908021022e+02
   3.1938393238231413e+02   1.4089799849064551e+02
   3.2078007801184282e+02   1.3969047238003299e+02
   3.1810601526446709e+02   1.3970436266643912e+02
   3.1921238757832930e+02   1.3737407538275482e+02
   3.2046252061721475e+02   1.3758109228634683e+02
   3.1848794916526549e+02   1.3746517563003238e+02
   3.1687932105679761e+02   1.3896686881678045e+02
   3.1675139693532475e+02   1.3959012425945642e+02
   3.1495107348672173e+02   1.3671970182665223e+02
   3.1501790766916736e+02   1.3670943091526706e+02
   3.1594689116035630e+02   1.3742811897780800e+02
   3.1758101814288341e+02   1.3741003525856058e+02
   3.1708238175310339e+02   1.3660201346374794e+02
   3.1429307071578086e+02   1.3473880346117096e+02
   3.1616623567882220e+02   1.3445041966673932e+02
   3.1388413128652962e+02   1.3257470311840981e+02
   3.1501524149284927e+02   1.3550453607508857e+02
   3.1346947454836067e+02   1.3183711165668475e+02
   3.1578806385161522e+02   1.3252531001736551e+02
   3.1309189878069611e+02   1.3218367662307264e+02
   3.1476612344361610e+02   1.3148433850307021e+02
   3.1677353689666154e+02   1.3164876355753449e+02
   3.1691230160326631e+02   1.3334799299127604e+02
   3.1530119927727446e+02   1.3039901583648381e+02
   3.1706246555326879e+02   1.3145600379059192e+02
   3.1760490977920256e+02   1.3026930010910314e+02
   3.1563935578234521e+02   1.3118920966697641e+02
   3.1438603881056997e+02   1.3218882308453880e+02
   3.1845950375268058e+02   1.3108956353752257e+02
   3.1581614853865415e+02   1.3005251945553559e+02
   3.1887129147284679e+02   1.2863232544577798e+02
   3.1766136629527500e+02   1.3148078034317106e+02
   3.1597369752740406e+02   1.3040581546690700e+02
   3.1810552853219224e+02   1.3139315904050250e+02
   3.1918359919747604e+02   1.2841720285987574e+02
   3.1862502620335908e+02   1.3168318067163278e+02
   3.1849751116053932e+02   1.2930063161074037e+02
   3.1847326232324616e+02   1.3070496545072268e+02
   3.1764180508017790e+02   1.2999405447967197e+02
   3.1970180186430503e+02   1.3218335480297935e+02
   3.2084854995122595e+02   1.3094112084986750e+02
   3.1858372109377916e+02   1.2935041947869271e+02
   3.2123767605377776e+02   1.3132236683366813e+02
   3.2175815150595736e+02   1.3126567014923631e+02
   3.2004940547601376e+02   1.3335931749908639e+02
   3.1866370218140287e+02   1.3248694619254923e+02
   3.2183976446107243e+02   1.3188344797610850e+02
   3.2252306030103699e+02   1.3457040043859246e+02
   3.2164107654969922e+02   1.3588831198642706e+02
   3.2222480642335302e+02   1.3516311844171079e+02
   3.1903623699695754e+02   1.3553996026089482e+02
   3.2187414654068078e+02   1.3606715925417856e+02
   3.2094655069159973e+02   1.3502968012467531e+02
   3.1827490977541157e+02   1.3628798547240083e+02
   3.2048444933087455e+02   1.3485253804279674e+02
   3.1794805310319674e+02   1.3542428486551489e+02
   3.2048376711460651e+02   1.3734351309641187e+02
   3.1986314332215716e+02   1.3811633540689934e+02
   3.1703024398746544e+02   1.3629144568141299e+02
   3.1953426535752544e+02   1.4041676495024137e+02
   3.1776294077559544e+02   1.3856467419922686e+02
   3.1694305163584994e+02   1.3763115151242545e+02
   3.1718471148135069e+02   1.4053070683818970e+02
   3.1589743277760817e+02   1.3834424354027354e+02
   3.1570175333025600e+02   1.3991986685229983e+02
   3.1555377924860409e+02   1.3889319934978289e+02
   3.1572660273768844e+02   1.3994072518463787e+02
   3.1473337633230148e+02   1.4173256972708498e+02
   3.1469384474017437e+02   1.3917470449300473e+02
   3.1460214167554687e+02   1.4160591398284140e+02
   3.1311635703379858e+02   1.3925218324859384e+02
   3.1148021131123693e+02   1.4120164173722566e+02
   3.1029916784398165e+02   1.3864569940105844e+02
   3.0977393919546216e+02   1.4166187064450077e+02
   3.1065162189682781e+02   1.3947522500631783e+02
   3.1106131558976534e+02   1.3802513449726715e+02
   3.0938969146213407e+02   1.4028418438485872e+02
   3.0944859182115164e+02   1.4088261421817649e+02
   3.0678166806218832e+02   1.3830811720871259e+02
   3.0913576374337470e+02   1.3802403573950176e+02
   3.0567281283467321e+02   1.3771323385552597e+02
   3.0836466953479459e+02   1.3644139485207921e+02
   3.0536815950063027e+02   1.3663941303920802e+02
   3.0790528199104529e+02   1.3759720714036544e+02
   3.0518706712558361e+02   1.3770493862546772e+02
   3.0482052423604262e+02   1.3544066015685920e+02
   3.0496753195318934e+02   1.3655256854709825e+02
   3.0365160387564248e+02   1.3621261259715232e+02
   3.0377612160825248e+02   1.3419019154946528e+02
   3.0682595150583239e+02   1.3466442141435496e+02
   3.0526027203277101e+02   1.3382488263260723e+02
   3.0521917057027832e+02   1.3442447918914223e+02
   3.0420269080322475e+02   1.3424608697532867e+02
   3.0614540562465896e+02   1.3099348593526545e+02
   3.0429964295606186e+02   1.3320554447637534e+02
   3.0774780969576489e+02   1.3348506027233935e+02
   3.0717354772364007e+02   1.3220443023856097e+02
   3.0787838042111343e+02   1.3155007574329048e+02
   3.0522618197073649e+02   1.3065445889667734e+02
   3.0850173978461225e+02   1.3227304183702768e+02
   3.0860326162496187e+02   1.3188766680680462e+02
   3.0707915373922242e+02   1.2918966739375591e+02
   3.0771549817577926e+02   1.2884124083945156e+02
   3.0717668636258321e+02   1.2915812503215543e+02
   3.0915057258378448e+02   1.3246336122226259e+02
   3.0990515331733974e+02   1.2984547224408794e+02
   3.1021511821459779e+02   1.2936314182376174e+02
   3.0810369370306319e+02   1.3121675555464111e+02
   3.0990254036001272e+02   1.3175418782615807e+02
   3.0946882401803038e+02   1.2990321071107249e+02
   3.1064846363456951e+02   1.3057724392204807e+02
   3.0989704372354913e+02   1.3091030777027402e+02
   3.1052281100812382e+02   1.3346325897312340e+02
   3.1196756162397901e+02   1.3183515100334213e+02
   3.0956357552316558e+02   1.3334935220924746e+02
   3.0944805644806195e+02   1.3107364932673508e+02
   3.1083983150594003e+02   1.3249735012680000e+02
   3.1118855091828084e+02   1.3286050168104700e+02
   3.1086055726757297e+02   1.3199642741514330e+02
   3.0948489859936092e+02   1.3271223042379131e+02
   3.1191303778987515e+02   1.3310350078865270e+02
   3.1091815856512380e+02   1.3634697325308065e+02
   3.1114360934061307e+02   1.3516440940854764e+02
   3.1018719498622733e+02   1.3559070905205303e+02
   3.1159179625266847e+02   1.3676003523985059e+02
   3.0983494178793148e+02   1.3736764352296981e+02
   3.0966194136581191e+02   1.3883607129783314e+02
   3.0880879818179773e+02   1.3859401926643028e+02
   3.1070239406784009e+02   1.3814944034359544e+02
   3.0900460017158389e+02   1.4006879876509134e+02
   3.0951170534482657e+02   1.4010073035535964e+02
   3.0753381679998910e+02   1.3884427610405524e+02
   3.0736496828654145e+02   1.3789284207434903e+02
   3.0744020691559695e+02   1.3893373683252929e+02
   3.0685801946404968e+02   1.3972885675470329e+02
   3.0573579193967572e+02   1.3961856104760446e+02
   3.0768368146858785e+02   1.4197747833160631e+02
   3.0550912101077250e+02   1.3929992162433683e+02
   3.0317244598482580e+02   1.3999647198988956e+02
   3.0315050359841973e+02   1.3908984070752564e+02
   3.0378839099046650e+02   1.4286941280168514e+02
   3.0139190618256674e+02   1.3989475557054072e+02
   3.0450019671852857e+02   1.4187184115889670e+02
   3.0078892337338067e+02   1.3933190380932513e+02
   3.0072022853450846e+02   1.4107054983342687e+02
   3.0194334618270869e+02   1.3989000990845955e+02
   3.0034948221628207e+02   1.3870645692996652e+02
   2.9902265095871581e+02   1.3866299941454403e+02
   2.9809099475760763e+02   1.3880511904321125e+02
   3.0077138137002754e+02   1.3906414977526376e+02
   2.9839310677534712e+02   1.3826582008383258e+02
   2.9827411783705202e+02   1.4055705196179858e+02
   2.9921178612760008e+02   1.3801433734601798e+02
   2.9914669906575313e+02   1.3671446086561721e+02
   2.9814279789936904e+02   1.3835681403622641e+02
   2.9773389255077700e+02   1.3699192188567062e+02
   2.9605010116882215e+02   1.3754797501414942e+02
   2.9630947178693668e+02   1.3725661639236165e+02
   2.9474314590449632e+02   1.3445071788399093e+02
   2.9448004633042535e+02   1.3498790121444435e+02
   2.9664878534184339e+02   1.3667291899380834e+02
   2.9534187363902311e+02   1.3551240641013035e+02
   2.9550263248654664e+02   1.3628456887837069e+02
   2.9633809638875096e+02   1.3267569642703222e+02
   2.9649209796909588e+02   1.3430854867917768e+02
   2.9678140549874934e+02   1.3362786810685290e+02
   2.9633610664898646e+02   1.3451758448519431e+02
   2.9552408369495919e+02   1.3344717886645452e+02
   2.9881448771015215e+02   1.3297733233502521e+02
   2.9793207861793167e+02   1.3258445985727511e+02
   2.9650567593184371e+02   1.3331261903799697e+02
   2.9901096734995804e+02   1.3133563489308941e+02
   2.9720141334791163e+02   1.3048311620767814e+02
   2.9697968482572247e+02   1.3228344280850720e+02
   2.9965479019723711e+02   1.3320437756562967e+02
   2.9714040005155277e+02   1.3338923771109725e+02
   3.0044354671699864e+02   1.3271477179301985e+02
   3.0045224986440394e+02   1.3021610880670258e+02
   3.0050383302255534e+02   1.3212467369937568e+02
   2.9898512365646667e+02   1.3151671445498494e+02
   3.0210804435918982e+02   1.3019813210041275e+02
   3.0104149667285463e+02   1.3023724196700329e+02
   3.0130914831022011e+02   1.3353805566412606e+02
   3.0196765038913560e+02   1.3433203814892536e+02
   3.0273036479332762e+02   1.3388352133673160e+02
   3.0018285974489220e+02   1.3111586697687491e+02
   2.9972533437795852e+02   1.3429234477962382e+02
   2.9964318779924179e+02   1.3419487014607290e+02
   3.0108847347107815e+02   1.3246840385697709e+02
   3.0335552172252346e+02   1.3331289311621867e+02
   3.0329163133718413e+02   1.3464067467127180e+02
   3.0132794811266029e+02   1.3500061918223494e+02
   3.0359938920203587e+02   1.3416256612213593e+02
   3.0183026015520988e+02   1.3459669905297699e+02
   3.0256750205131806e+02   1.3527325966604920e+02
   2.9986910138850476e+02   1.3624854434174716e+02
   3.0181353887651784e+02   1.3775714739329078e+02
   3.0099242501695255e+02   1.3789858753059187e+02
   3.0193944961480145e+02   1.3625144842587926e+02
   3.0110063715756189e+02   1.3684212175149946e+02
   2.9921306740415787e+02   1.4079772806169140e+02
   3.0053606602268917e+02   1.3966026021992505e+02
   3.0007006347927478e+02   1.3918922539090030e+02
   3.0124884144791417e+02   1.4188197356065479e+02
   2.9882875424069812e+02   1.4171751005473018e+02
   3.0008343825446866e+02   1.3884777766365139e+02
   2.9858731060308554e+02   1.4211759634557617e+02
   2.9716756755904203e+02   1.4019227966685290e+02
   2.9625262451228434e+02   1.4012986874490312e+02
   2.9484675865075798e+02   1.4038264279450431e+02
   2.9641914508267450e+02   1.4047269967422653e+02
   2.9718229763536101e+02   1.4035391451064470e+02
   2.9581518657296755e+02   1.4115363421335141e+02
   2.9287738778774042e+02   1.4285105089673203e+02
   2.9533637820998013e+02   1.4158454521571699e+02
   2.9274331372475473e+02   1.4249485056825384e+02
   1.7975729054499109e+02   1.2549496041699433e+02
   1.8343604146564923e+02   1.2626334406753493e+02
   1.8439102821948913e+02   1.2430540825472424e+02
   1.8760810405598821e+02   1.2466712892520816e+02
   1.9264811240612229e+02   1.2034503926713492e+02
   1.9483013757222272e+02   1.2002810736720920e+02
   1.9745162251621937e+02   1.2044566605846549e+02
   2.0220683464310594e+02   1.1906634314741343e+02
   2.0248499280355784e+02   1.1932443798493256e+02
   2.0771545895359165e+02   1.1684657586814120e+02
   2.1132931315480755e+02   1.1680436927544314e+02
   2.1127816202184204e+02   1.1533620894412560e+02
   2.1574618967402282e+02   1.1265646005641263e+02
   2.1811003405424265e+02   1.1490432617147174e+02
   2.1940605967398585e+02   1.1382366690497780e+02
   2.2305177165263402e+02   1.1300870976937684e+02
   2.2495553204572391e+02   1.1125535315339199e+02
   2.2494793022125640e+02   1.1051078829599354e+02
   2.2704328714773629e+02   1.0892662299138414e+02
   2.2770384252792584e+02   1.0905099907658679e+02
   2.2907473668089190e+02   1.0791664217612674e+02
   2.3327606676009219e+02   1.0927179745277886e+02
   2.3530189956061994e+02   1.0826355280349486e+02
   2.3628520297709034e+02   1.0488823747585985e+02
   2.3442342561735748e+02   1.0437927372816922e+02
   2.3688955964151748e+02   1.0718711477598073e+02
   2.3685335233094389e+02   1.0688742813505694e+02
   2.3697118979790497e+02   1.0400767127523831e+02
   2.3874469851419531e+02   1.0399299302228766e+02
   2.4096907300165958e+02   1.0428390707135743e+02
   2.3853693934985563e+02   1.0511593653576183e+02
   2.4163545679846868e+02   1.0303944959031173e+02
   2.3944860281781493e+02   1.0107395328369977e+02
   2.4157239394338060e+02   1.0392387474493735e+02
   2.4036280346795695e+02   1.0214419504160317e+02
   2.4089014036480251e+02   1.0329005545154810e+02
   2.4178873287025792e+02   1.0174620697532580e+02
   2.3825650023124018e+02   1.0092342566030752e+02
   2.4010457930968556e+02   1.0223627097647994e+02
   2.3788066735077808e+02   9.9618268559732300e+01
   2.3756881883607014e+02   1.0097590666845201e+02
   2.3528672881726101e+02   9.8792858423941738e+01
   2.3567308055764039e+02   1.0211246527783715e+02
   2.3470204519312207e+02   1.0016686543856875e+02
   2.3374651108667683e+02   9.9830983216775365e+01
   2.3440815942608600e+02   1.0076738193184156e+02
   2.3107729066193448e+02   1.0018642685854518e+02
   2.3114265546124341e+02   1.0048618994621187e+02
   2.2908663899076907e+02   9.9891573789222477e+01
   2.2838058196810016e+02   1.0091654110894929e+02
   2.2619788202539308e+02   9.9121838614812106e+01
   2.2460311949917818e+02   9.9395158084706821e+01
   2.1876092025040489e+02   1.0203587876920204e+02
   2.1872517283602249e+02   1.0123474609926643e+02
   2.1743844737286960e+02   1.0225088383993580e+02
   2.1619457504865966e+02   1.0284017112688008e+02
   2.1019308821822929e+02   1.0133618305988377e+02
   2.0983167979307470e+02   1.0258882480736000e+02
   2.0720688821334880e+02   1.0361547676741225e+02
   2.0649960414017218e+02   1.0372303607969798e+02
   2.3723049165626108e+02   2.3249957006158138e+02
   2.3717957645008056e+02   2.3059343529719956e+02
   2.3810949194621017e+02   2.3155172032873324e+02
   2.3740735471895039e+02   2.2923555871103326e+02
   2.3768174377942950e+02   2.2964273124782522e+02
   2.3669739345922517e+02   2.2776828212675571e+02
   2.3620628563352935e+02   2.2533313869337891e+02
   2.3490771716022277e+02   2.2447882518805977e+02
   2.3619364362962071e+02   2.2538753938205232e+02
   2.3775645457185593e+02   2.2330223406737306e+02
   2.3614865943592312e+02   2.2360921364542310e+02
   2.3486524021579865e+02   2.2179351120936974e+02
   2.3606212290228217e+02   2.2016619498429782e+02
   2.3670191563194322e+02   2.1862611010349445e+02
   2.3728418793243239e+02   2.2057781720397375e+02
   2.3610378785874036e+02   2.1749644620733332e+02
   2.3638347291346901e+02   2.1603470466539162e+02
   2.3820048054235266e+02   2.1407474751259477e+02
   2.3757249350948445e+02   2.1235315271003785e+02
   2.3843389416141520e+02   2.1435780463269398e+02
   2.3841906936961684e+02   2.1043077879473643e+02
   2.3868842617439856e+02   2.0920830111673158e+02
   2.4010477096223852e+02   2.0803231459870449e+02
   2.3765155714570147e+02   2.0587163550279823e+02
   2.3860090595681285e+02   2.0535823830779128e+02
   2.4119708481388258e+02   2.0331595983774690e+02
   2.3804192938032975e+02   2.0283579303172871e+02
   2.3850785668009254e+02   2.0059864308126825e+02
   2.4178974463406621e+02   1.9948201045554563e+02
   2.4237348190358509e+02   1.9875953312278168e+02
   2.4264963063528972e+02   1.9626091734857570e+02
   2.4224776149170251e+02   1.9523801373559624e+02
   2.4434914029234741e+02   1.9083850496654907e+02
   2.4527511608420167e+02   1.8917607896618776e+02
   2.4351419221452608e+02   1.8904603985733652e+02
   2.4638285448024422e+02   1.8640091056690289e+02
   2.4672757916306230e+02   1.8316491906595604e+02
   2.4510401421119087e+02   1.8278140980513345e+02
   2.4500340515481426e+02   1.7974723404150680e+02
   2.4798606465614048e+02   1.7749216796061657e+02
   2.4663401893215860e+02   1.7628336923002999e+02
   2.4961708684770394e+02   1.7616477436048356e+02
   2.4811149777209084e+02   1.7284036151986717e+02
   2.5025481505330211e+02   1.7207512110651675e+02
   2.5079574972500825e+02   1.6810941880899702e+02
   2.5176829988386305e+02   1.6572215831669791e+02
   2.5222798803656497e+02   1.6467865288763431e+02
   2.5345430396040302e+02   1.6126559683225756e+02
   2.5232439396328823e+02   1.6117309801410971e+02
   2.5294771053781710e+02   1.5897756569756925e+02
   2.5705405299273895e+02   1.5839566103421444e+02
   2.5707049230236925e+02   1.5725524390611471e+02
   2.5534673184001269e+02   1.5316615925786306e+02
   2.5658032904038794e+02   1.5228252525857587e+02
   2.5702700989761388e+02   1.5010929156978884e+02
   2.5641552012604103e+02   1.4920438796112489e+02
   2.5825809226290852e+02   1.4642601750582671e+02
   2.5773375524864144e+02   1.4591614738222424e+02
   2.5972141727113666e+02   1.4168217515431940e+02
   2.6198228047920242e+02   1.3935554774712097e+02
   2.5970747229053069e+02   1.4006842670039435e+02
   2.6194618708270241e+02   1.3830154811565177e+02
   2.6282042204443405e+02   1.3654486070304182e+02
   2.6378944703040577e+02   1.3324335969724760e+02
   2.6501172238604744e+02   1.3213348401052667e+02
   2.6356186638980478e+02   1.3215156656904611e+02
   2.6514672245582966e+02   1.3010007664730770e+02
   2.6618317540940711e+02   1.2895435078542135e+02
   2.6613270737155369e+02   1.2651615796477228e+02
   2.6510961713963474e+02   1.2419369889134272e+02
   2.6339960052724263e+02   1.2159858658199317e+02
   2.6467001146359394e+02   1.2330366398005366e+02
   2.6679119680643151e+02   1.2149685882238022e+02
   2.6481755936355955e+02   1.1814717396246037e+02
   2.6523711980057396e+02   1.1700136727806964e+02
   2.6505954065998299e+02   1.1551812241579383e+02
   2.6729522332272217e+02   1.1595190544519954e+02
   2.6780503407411572e+02   1.1450038889804816e+02
   2.6473831978781050e+02   1.1437318911032983e+02
   2.6808672364874946e+02   1.1156986486549653e+02
   2.6407968981425603e+02   1.0976496017107814e+02
   2.6573935723185315e+02   1.1144951145173629e+02
   2.6595502284176621e+02   1.0935062452930096e+02
   2.6474913773062849e+02   1.0906562666504631e+02
   2.6598590260965955e+02   1.0850458267005084e+02
   2.6397472177346913e+02   1.0785161678593849e+02
   2.6289714155382057e+02   1.0493003900180921e+02
   2.6646314425536093e+02   1.0626541983629879e+02
   2.6306503780406268e+02   1.0622641498306496e+02
   2.6545338289196980e+02   1.0523209456869787e+02
   2.6441072679093355e+02   1.0297949352248882e+02
   2.6107611591569702e+02   1.0343576428013978e+02
   2.6115694560065248e+02   1.0344074552316408e+02
   2.6245237523677872e+02   1.0407455066982604e+02
   2.5944248029244181e+02   1.0146978285683166e+02
   2.6166830709091386e+02   1.0041094069378138e+02
   2.5826762958751323e+02   1.0135278856534651e+02
   2.5984250243123199e+02   1.0287790809107661e+02
   2.5926979783377561e+02   1.0160925620187882e+02
   2.5698271033417092e+02   1.0280299633533652e+02
   2.5809310739806961e+02   9.9970079678772919e+01
   2.5422833296718704e+02   1.0108576659845104e+02
   2.5507963949480231e+02   1.0272820649074416e+02
   2.5586006377980604e+02   1.0271073871315174e+02
   2.5286854482796798e+02   1.0323758972995870e+02
   2.5254764374436988e+02   1.0190417871121966e+02
   2.5245443313008272e+02   1.0209876473715966e+02
   2.5167491740999861e+02   1.0132985324146048e+02
   2.5031281685858727e+02   1.0296549563999693e+02
   2.4889059056091804e+02   1.0535974209165938e+02
   2.4593930994694185e+02   1.0568830849206418e+02
   2.4677506404471089e+02   1.0406275472490343e+02
   2.4550029840888990e+02   1.0604139774465540e+02
   2.4225885179444961e+02   1.0600880445003259e+02
   2.4222852348227227e+02   1.0701238602963510e+02
   2.4241835028728252e+02   1.0590652915641488e+02
   2.3938580394203601e+02   1.0713792118933536e+02
   2.3653934121122953e+02   1.0955243020603443e+02
   2.3538967941644199e+02   1.0891602994224695e+02
   2.3597241425030515e+02   1.1015818107334036e+02
   2.3555157291914452e+02   1.1347062977892121e+02
   2.3263627319295165e+02   1.1206876872361394e+02
   2.3338013229114426e+02   1.1369493936260551e+02
   2.2903440222155248e+02   1.1432075318965872e+02
   2.2744553841292284e+02   1.1599315281180624e+02
   2.2858500006802493e+02   1.1601909801805610e+02
   2.2711756025433843e+02   1.1920940471454099e+02
   2.2658382908821810e+02   1.1826263847107883e+02
   2.2288804661999970e+02   1.2063206111469572e+02
   2.2016377406606497e+02   1.2198011877939068e+02
   2.2267305675186347e+02   1.2414971825545538e+02
   2.1771106322447082e+02   1.2426908200101029e+02
   2.1636455885820209e+02   1.2351220802231587e+02
   2.1695605497479815e+02   1.2518821211875841e+02
   2.1611325839945587e+02   1.2937742738049991e+02
   2.1531084573843927e+02   1.2960717082330461e+02
   2.1217938139778659e+02   1.3003663244514632e+02
   2.1159562337170868e+02   1.3311387017549961e+02
   2.1020064222939885e+02   1.3192390007964565e+02
   2.0703884312849135e+02   1.3214754242742995e+02
   2.0663880932406352e+02   1.3444726554040693e+02
   2.0689966792757201e+02   1.3804561516562208e+02
   2.0389453456721128e+02   1.3958185859499244e+02
   2.0271747539025083e+02   1.4051618963602863e+02
   2.0253929514667541e+02   1.3899832237043486e+02
   1.9996723184345410e+02   1.4247265354126856e+02
   2.0101728284507172e+02   1.4389466892235728e+02
   2.0034671489729232e+02   1.4463022054024455e+02
   1.9693771752407827e+02   1.4383299532459853e+02
   1.9805986469315670e+02   1.4549329388869930e+02
   1.9468425856200125e+02   1.4835960545347356e+02
   1.9495455344612449e+02   1.4986106214267440e+02
   1.9378752241305281e+02   1.5120936995763617e+02
   1.9540624431083239e+02   1.5324630495329706e+02
   1.9082549427172574e+02   1.5194169310102060e+02
   1.9033341783912743e+02   1.5575181663116581e+02
   1.9060425721536825e+02   1.5389606201237467e+02
   1.9173011058087630e+02   1.5686943430808327e+02
   1.8934170520518865e+02   1.5633307183594019e+02
   1.9024398710338664e+02   1.6060539812387717e+02
   1.8711152738172802e+02   1.6151531184129985e+02
   1.8631268560858777e+02   1.6247098103164561e+02
   1.8576039072893059e+02   1.6161439774510791e+02
   1.8556008748123895e+02   1.6484311259483925e+02
   1.8712120102618704e+02   1.6525360499329631e+02
   1.8507958977912736e+02   1.6345405418198138e+02
   1.8534239529910667e+02   1.6410545033532503e+02
   1.8615549653450987e+02   1.6540178677038747e+02
   1.8346827678266177e+02   1.6649036710169051e+02
   1.8547186138006469e+02   1.6974338100368215e+02
   1.8384353246268952e+02   1.7053429347575215e+02
   1.8296818807825019e+02   1.6841899216298677e+02
   1.8282433632376683e+02   1.7123764494987168e+02
   1.8502225225098920e+02   1.7266154038947013e+02
   1.8395110642037139e+02   1.7384770202390553e+02
   1.8489673017705283e+02   1.7426152627352403e+02
   1.8438678586190659e+02   1.7439220155943224e+02
   1.8401157709566445e+02   1.7597143578880920e+02
   1.8544357500242015e+02   1.7509800220854180e+02
   1.8774132746072218e+02   1.7476970954390526e+02
   1.8632694264412086e+02   1.7450017843492387e+02
   1.8614895994631877e+02   1.7582778534473033e+02
   1.8899876690030538e+02   1.7725599593329963e+02
   1.8710825244281264e+02   1.7551789092653394e+02
   1.8737847897403699e+02   1.7715254418137772e+02
   1.8786457551739761e+02   1.7754796648032999e+02
   1.9003718536319252e+02   1.7744267082346482e+02
   1.8992143012234465e+02   1.7789688976440408e+02
   1.8977299421598593e+02   1.7755164234133917e+02
   1.9192843218709558e+02   1.7787039388223380e+02
   1.9222321312952894e+02   1.7667240258728037e+02
   1.9463280301451576e+02   1.7981748159249040e+02
   1.9659308567323055e+02   1.7727675973201724e+02
   1.9743676509458365e+02   1.7951684353124415e+02
   1.9858396251520779e+02   1.7854605205184839e+02
   2.0029917355599306e+02   1.8045904911127522e+02
   1.9857910361050870e+02   1.7852841511174208e+02
   2.0008242726390225e+02   1.7733689821278173e+02
   2.0203384964154449e+02   1.7833184461183910e+02
   2.0561281804409361e+02   1.7671134642309542e+02
   2.0494557554253294e+02   1.7865912719182887e+02
   2.0564755207781735e+02   1.7644630809216366e+02
   2.0902331104940635e+02   1.7849869608522016e+02
   2.0985566604787917e+02   1.7523812625958237e+02
   2.1039172525014735e+02   1.7872659627742436e+02
   2.1190853468336280e+02   1.7625885739664841e+02
   2.1513974077076503e+02   1.7492793702594969e+02
   2.1457075252152001e+02   1.7576894340388762e+02
   2.1689020406638235e+02   1.7540994118553559e+02
   2.1904239481112060e+02   1.7629021067915207e+02
   2.2127769582419009e+02   1.7444522452994701e+02
   2.2112354247741186e+02   1.7459364224382099e+02
   2.2448536748652191e+02   1.7515140418675455e+02
   2.2567188787490824e+02   1.7228893190902164e+02
   2.2667487925236000e+02   1.7058953879247338e+02
   2.2765505808665645e+02   1.7026019391482552e+02
   2.3295349720931742e+02   1.7036404933653634e+02
   2.3280641565455076e+02   1.6894429370627111e+02
   2.3511959488068214e+02   1.6922405000019361e+02
   2.3857808374629934e+02   1.6837219829382278e+02
   2.3763754670724941e+02   1.7000989530742106e+02
   2.3932289421038223e+02   1.7012586635854620e+02
   2.4299411372048846e+02   1.6793377389146815e+02
   2.4260884678399410e+02   1.6573146105561219e+02
   2.4644291728001397e+02   1.6611873753361274e+02
   2.4840130862970585e+02   1.6421563179856568e+02
   2.4961364883119023e+02   1.6696465029669611e+02
   2.5295271159346257e+02   1.6561990096806986e+02
   2.5206530924859538e+02   1.6441863197102600e+02
   2.5396583480347715e+02   1.6347520315988828e+02
   2.5668339703894947e+02   1.6490824602814442e+02
   2.5965062319698086e+02   1.6416732044217892e+02
   2.6164181886401144e+02   1.6021831539881026e+02
   2.6462116642360115e+02   1.6021072232700865e+02
   2.6658152886688350e+02   1.6169333687405410e+02
   2.6568190276893444e+02   1.6083115629258205e+02
   2.6996160828348940e+02   1.5829395463099141e+02
   2.7003345960589201e+02   1.5856199066177072e+02
   2.7262317121909462e+02   1.5801663822490858e+02
   2.7474744944483189e+02   1.5994433937838173e+02
   2.7681168364269359e+02   1.5906526269979915e+02
   2.7536062647410876e+02   1.5684203373080416e+02
   2.7856983544480113e+02   1.5787661901083229e+02
   2.8033298723908706e+02   1.5523194346228496e+02
   2.8152595615865761e+02   1.5603086018120112e+02
   2.8195936688509403e+02   1.5573216779287256e+02
   2.8691559290935794e+02   1.5413124316663581e+02
   2.8869914265175430e+02   1.5593577679064322e+02
   2.8916372462904445e+02   1.5456565787949782e+02
   2.9156173283325109e+02   1.5362343420815603e+02
   2.9014610034967819e+02   1.5557458830574998e+02
   2.9068224537905445e+02   1.5578530270758046e+02
   2.9337396451894284e+02   1.5586621718832325e+02
   2.9486189336328096e+02   1.5525468192542169e+02
   2.9845468585974805e+02   1.5328323321160278e+02
   2.9662155444735947e+02   1.5321736767038163e+02
   2.9733474738331097e+02   1.5375786904822183e+02
   3.0175637062586071e+02   1.5492857416983549e+02
   3.0305880805839058e+02   1.5197310661691631e+02
   3.0402797311654001e+02   1.5289471442852570e+02
   3.0134767468195776e+02   1.5361347219081387e+02
   3.0419471176377692e+02   1.5598546946598620e+02
   3.0464194790031621e+02   1.5382642214852552e+02
   3.0664916346349855e+02   1.5488034420462768e+02
   3.0728446476963541e+02   1.5525009139252037e+02
   3.0762953162918154e+02   1.5555823931718260e+02
   3.0636533903652310e+02   1.5735221155169586e+02
   3.0971306481887206e+02   1.5658828553225655e+02
   3.0989682035114868e+02   1.5511799881115405e+02
   3.1115533051980844e+02   1.5703666626280537e+02
   3.1224106068313375e+02   1.5732851232782630e+02
   3.1263304570088928e+02   1.5643549332467848e+02
   3.1157967447618370e+02   1.5952133065385652e+02
   3.0985262630955833e+02   1.5893711390251249e+02
   3.1260110992646611e+02   1.6063634221125915e+02
   3.1197881539216348e+02   1.5836897770782323e+02
   3.1185903373319667e+02   1.6195544803416797e+02
   3.1118343855012836e+02   1.5946580895363800e+02
   3.1404441324446384e+02   1.6265842438419239e+02
   3.1104196354910363e+02   1.6392932473985968e+02
   3.1234609439358013e+02   1.6218402038435801e+02
   3.1238236147402637e+02   1.6256311418492083e+02
   3.1264169194825439e+02   1.6568207232607324e+02
   3.1376596392351047e+02   1.6780293723551802e+02
   3.1349765949770295e+02   1.6715530994124305e+02
   3.1166721162794153e+02   1.6601975651916018e+02
   3.0946066254295522e+02   1.6889011704323494e+02
   3.1299003046739580e+02   1.7163949061258302e+02
   3.0897351457041418e+02   1.6949071381240759e+02
   3.1116722752949732e+02   1.7348503676822884e+02
   3.1061673191080729e+02   1.7173059113335054e+02
   3.0809832126852530e+02   1.7268810633630522e+02
   3.0841029521121351e+02   1.7424873982176376e+02
   3.0873560458743481e+02   1.7476175888018807e+02
   3.0795175943498293e+02   1.7900223204028322e+02
   3.0764861759445000e+02   1.7937545585658935e+02
   3.0678999768380430e+02   1.8034244279363247e+02
   3.0336926567641984e+02   1.8066294320592357e+02
   3.0370049384901449e+02   1.8152606247895886e+02
   3.0324279738075580e+02   1.8453763684080565e+02
   3.0294976226887047e+02   1.8280074147398926e+02
   3.0163754658641324e+02   1.8492273852634546e+02
   3.0065345634761354e+02   1.8920659987340721e+02
   2.9823062600480404e+02   1.8997507859956730e+02
   2.9938188475924511e+02   1.8827470947323388e+02
   2.9763886818646967e+02   1.9304849919985770e+02
   2.9615268834962370e+02   1.9434313918716606e+02
   2.9502931380235970e+02   1.9366762586718619e+02
   2.9316165212380781e+02   1.9644510842469660e+02
   2.9480120241926528e+02   1.9746759150204207e+02
   2.9082569727894270e+02   1.9609918703158786e+02
   2.9217148433188618e+02   2.0087619339020907e+02
   2.8975323489303247e+02   2.0232940603416003e+02
   2.8984801913757207e+02   2.0316288983517913e+02
   2.8892195625762821e+02   2.0295865106143225e+02
   2.8532012764430260e+02   2.0412991099252861e+02
   2.8377521874644515e+02   2.0684434250856657e+02
   2.8154577390567891e+02   2.0654837333341831e+02
   2.8058213186973546e+02   2.0643485119273791e+02
   2.8183811507206519e+02   2.0928625525219587e+02
   2.7897178917287573e+02   2.1129594488125244e+02
   2.7780495359193770e+02   2.1047807103094405e+02
   2.7856415127827034e+02   2.1472940298996960e+02
   2.7475599820572961e+02   2.1459005257995508e+02
   2.7346970735662450e+02   2.1674859258901768e+02
   2.7259553843874608e+02   2.1562011308921083e+02
   2.7220186273267211e+02   2.1613842351984454e+02
   2.7079676583325295e+02   2.1802515010596298e+02
   2.7048341797003781e+02   2.1990584568307023e+02
   2.6701126535912391e+02   2.2143093119559356e+02
   2.6630485293340200e+02   2.2086200190282599e+02
   2.6672166302801605e+02   2.2428416178143158e+02
   2.6417167280597482e+02   2.2414744846215569e+02
   2.6132675468330126e+02   2.2551781032294699e+02
   2.6157115990639693e+02   2.2627266939772352e+02
   2.5937924912477013e+02   2.2687975930118517e+02
   2.5764162830548480e+02   2.2668934062323024e+02
   2.5752400220976432e+02   2.2831014690260807e+02
   2.5866671980211242e+02   2.2998240058272953e+02
   2.5576154283097054e+02   2.2683058755804601e+02
   2.5437456227999022e+02   2.2916554073385564e+02
   2.5279709301911248e+02   2.3172391002996230e+02
   2.5149829644032195e+02   2.2957742928651334e+02
   2.5017465818065736e+02   2.2948669832217442e+02
   2.4888219212006476e+02   2.3121293962836478e+02
   2.4981582491230574e+02   2.3064515101005753e+02
   2.5035512968623743e+02   2.3113634873402361e+02
   2.4651656289429712e+02   2.3096349081122221e+02
   2.4550559531003287e+02   2.3201117868491383e+02
   2.4476497570446298e+02   2.3320348655774873e+02
   2.4654167391406327e+02   2.3111480778450272e+02
   2.4319156730644420e+02   2.3072527011037621e+02
   2.4264758616248167e+02   2.3096327376582511e+02
   2.4259758000984777e+02   2.3155319197329700e+02
   2.4328974818273517e+02   2.3322124108687254e+02
   2.4057079611371898e+02   2.3274662592861301e+02
   2.4029530443557078e+02   2.3162510291484350e+02
   2.3912228890399660e+02   2.3280964544239845e+02
   2.3883819794722640e+02   2.3325573299165114e+02
   2.3998197856129525e+02   2.3284205771581784e+02
