-23.28 -20 -36
-23.28 -19.8193 -35.4579
-23.28 -19.6386 -34.9158
-23.28 -19.4579 -34.3737
-23.28 -19.2772 -33.8316
-23.28 -19.0965 -33.2895
-23.28 -18.9158 -32.7474
-23.28 -18.7351 -32.2053
-23.28 -18.5544 -31.6632
-23.28 -18.3737 -31.1211
-23.28 -18.193 -30.579
-23.28 -18.0123 -30.0368
-23.28 -17.8316 -29.4947
-23.28 -17.6509 -28.9526
-23.28 -17.4702 -28.4105
-23.28 -17.2895 -27.8684
-23.28 -17.1088 -27.3263
-23.28 -16.9281 -26.7842
-23.28 -16.7474 -26.2421
-23.28 -16.5667 -25.7
-23.28 -16.386 -25.1579
-23.28 -16.2053 -24.6158
-23.28 -16.0246 -24.0737
-23.28 -15.8439 -23.5316
-23.28 -15.6632 -22.9895
-23.28 -15.4825 -22.4474
-23.28 -15.3018 -21.9053
-23.28 -15.1211 -21.3632
-23.28 -14.9404 -20.8211
-23.28 -14.7597 -20.279
-23.28 -14.579 -19.7369
-23.28 -14.3983 -19.1948
-23.28 -14.2175 -18.6526
-23.28 -14.0368 -18.1105
-23.28 -13.8561 -17.5684
-23.28 -13.6754 -17.0263
-23.28 -13.4947 -16.4842
-23.28 -13.314 -15.9421
-23.28 -13.1333 -15.4
-23.28 -12.9526 -14.8579
-23.28 -12.7719 -14.3158
-23.28 -12.5912 -13.7737
-23.28 -12.4105 -13.2316
-23.28 -12.2298 -12.6895
-23.28 -12.0491 -12.1474
-23.28 -11.8684 -11.6053
-23.28 -11.6877 -11.0632
-23.28 -11.507 -10.5211
-23.28 -11.3263 -9.97897
-23.28 -11.1456 -9.43687
-23.28 -10.9649 -8.89476
-23.28 -10.7842 -8.35266
-23.28 -10.6035 -7.81055
-23.28 -10.4228 -7.26845
-23.28 -10.2421 -6.72634
-23.28 -10.0614 -6.18424
-23.28 -9.88071 -5.64213
-23.28 -9.70001 -5.10003
-23.28 -9.51931 -4.55792
-23.28 -9.33861 -4.01582
-23.28 -9.15791 -3.47372
-23.28 -8.9772 -2.93161
-23.28 -8.7965 -2.38951
-23.28 -8.6158 -1.8474
-23.28 -8.4351 -1.3053
-23.28 -8.2544 -0.763192
-23.28 -8.0737 -0.221087
-23.28 -7.89299 0.321018
-23.28 -7.71229 0.863122
-23.28 -7.53159 1.40523
-23.28 -7.35089 1.94733
-23.28 -7.17019 2.48944
-23.28 -6.98949 3.03154
-23.28 -6.80878 3.57365
-23.28 -6.62808 4.11575
-23.28 -6.44738 4.65786
-23.28 -6.26668 5.19996
-23.28 -6.08598 5.74207
-23.28 -5.90528 6.28417
-23.28 -5.72458 6.82627
-23.28 -5.54387 7.36838
-23.28 -5.36317 7.91048
-23.28 -5.18247 8.45259
-23.28 -5.00177 8.99469
-23.28 -4.82107 9.5368
-23.28 -4.64037 10.0789
-23.28 -4.45966 10.621
-23.28 -4.27896 11.1631
-23.28 -4.09826 11.7052
-23.28 -3.91756 12.2473
-23.28 -3.73686 12.7894
-23.28 -3.55616 13.3315
-23.28 -3.37545 13.8736
-23.28 -3.19475 14.4157
-23.28 -3.01405 14.9578
-23.28 -2.83335 15.5
-23.28 -2.65265 16.0421
-23.28 -2.47195 16.5842
-23.28 -2.29125 17.1263
-23.28 -2.11054 17.6684
-23.28 -1.92984 18.2105
-23.28 -1.74914 18.7526
-23.28 -1.56844 19.2947
-23.28 -1.38774 19.8368
-23.28 -1.20704 20.3789
-23.28 -1.02633 20.921
-24 -6 0
-24.5637 -6.08108 0
-25.0817 -6.31774 0
-25.512 -6.6908 0
-25.8196 -7.17001 0
-25.9798 -7.71651 0
-22 -10.1436 -28
-22.125 -9.86678 -28
-22.2523 -9.60798 -28
-22.3819 -9.36755 -28
-22.5136 -9.14577 -28
-22.6471 -8.94294 -28
-22.7824 -8.75931 -28
-22.9192 -8.59512 -28
-23.0574 -8.45058 -28
-23.1968 -8.32587 -28
-23.3372 -8.22115 -28
-23.4785 -8.13655 -28
-23.6205 -8.07219 -28
-23.7629 -8.02814 -28
-23.9056 -8.00446 -28
-24.0485 -8.00117 -28
-24.1912 -8.0183 -28
-24.3338 -8.0558 -28
-24.4759 -8.11365 -28
-24.6174 -8.19175 -28
-24.7581 -8.29001 -28
-24.8979 -8.40831 -28
-25.0365 -8.5465 -28
-25.1738 -8.70439 -28
-25.3096 -8.88179 -28
-25.4437 -9.07848 -28
-25.576 -9.29419 -28
-25.7062 -9.52866 -28
-25.8343 -9.78158 -28
-25.9601 -10.0526 -28
-26.0833 -10.3415 -28
-26.2039 -10.6478 -28
-26.3217 -10.9711 -28
-26.4366 -11.311 -28
-26.5483 -11.6671 -28
-26.6567 -12.0389 -28
-26.7618 -12.426 -28
-26.8634 -12.8278 -28
-26.9613 -13.2439 -28
-27.0554 -13.6737 -28
-27.1456 -14.1167 -28
-27.2319 -14.5723 -28
-27.3139 -15.0399 -28
-27.3918 -15.5189 -28
-27.4654 -16.0088 -28
-27.5345 -16.5088 -28
-27.5991 -17.0184 -28
-27.6591 -17.5369 -28
-27.7145 -18.0636 -28
-27.7651 -18.598 -28
-27.8109 -19.1392 -28
-27.8519 -19.6866 -28
-27.8879 -20.2395 -28
-27.919 -20.7972 -28
-27.9451 -21.359 -28
-27.9662 -21.9241 -28
-27.9822 -22.4919 -28
-27.9931 -23.0616 -28
-27.9989 -23.6326 -28
-8 28 29.798
-8.04336 28.1097 29.8792
-8.10197 28.2243 29.9478
-8.17575 28.3438 30.0037
-8.26461 28.4679 30.0469
-8.36844 28.5965 30.0772
-8.48711 28.7294 30.0947
-8.62045 28.8666 30.0994
-8.76832 29.0077 30.0911
-8.9305 29.1526 30.07
-9.1068 29.3012 30.036
-9.297 29.4532 29.9893
-9.50085 29.6085 29.9298
-9.71808 29.7668 29.8576
-9.94843 29.9279 29.7729
-10.1916 30.0917 29.6757
-10.4473 30.258 29.5661
-10.7151 30.4264 29.4444
-10.9949 30.5969 29.3106
-11.286 30.7692 29.1649
-11.5883 30.943 29.0076
-11.9014 31.1182 28.8387
-12.2247 31.2945 28.6586
-12.558 31.4717 28.4675
-12.9008 31.6495 28.2655
-13.2526 31.8278 28.053
-13.613 32.0064 27.8302
-13.9816 32.1849 27.5975
-14.3578 32.3632 27.355
-14.7413 32.541 27.1032
-15.1314 32.7182 26.8423
-15.5278 32.8944 26.5727
-15.9299 33.0695 26.2947
-16.3371 33.2432 26.0087
-16.749 33.4153 25.715
-17.1651 33.5857 25.414
-17.5848 33.754 25.1062
-18.0076 33.92 24.7918
-18.4329 34.0837 24.4713
-18.8602 34.2446 24.1451
-19.289 34.4027 23.8136
-19.7186 34.5578 23.4772
-20.1486 34.7095 23.1364
-20.5785 34.8579 22.7916
-21.0076 35.0025 22.4433
-21.4354 35.1434 22.0918
-21.8614 35.2802 21.7377
-22.285 35.4129 21.3813
-22.7057 35.5412 21.0232
-23.1229 35.6649 20.6638
-23.5362 35.7841 20.3036
-23.945 35.8983 19.9429
-24.3487 36.0076 19.5823
-24.7469 36.1118 19.2223
-25.139 36.2108 18.8632
-25.5245 36.3044 18.5056
-25.9031 36.3925 18.1499
-26.2741 36.475 17.7966
-26.637 36.5518 17.4461
-26.9916 36.6227 17.0988
-27.3372 36.6878 16.7552
-27.6734 36.7469 16.4158
-27.9999 36.8 16.0809
-28.3162 36.8469 15.7511
-28.6218 36.8877 15.4266
-28.9165 36.9222 15.108
-29.1998 36.9504 14.7956
-29.4713 36.9723 14.4899
-29.7308 36.9879 14.1912
-29.9779 36.9971 13.8999
-30.2122 37 13.6164
-30.4335 36.9965 13.341
-30.6415 36.9866 13.0741
-30.836 36.9703 12.8161
-31.0166 36.9477 12.5672
-31.1831 36.9188 12.3278
-31.3354 36.8836 12.0981
-31.4733 36.8422 11.8786
-31.5965 36.7946 11.6694
-31.7049 36.7409 11.4708
-31.7984 36.6812 11.2832
-31.8769 36.6154 11.1066
-31.9402 36.5438 10.9414
-31.9882 36.4664 10.7877
-32.021 36.3833 10.6458
-32.0385 36.2946 10.5158
-32.0406 36.2005 10.3979
-32.0273 36.101 10.2922
-31.9987 35.9962 10.199
-31.9548 35.8864 10.1182
-31.8957 35.7715 10.05
-31.8214 35.6519 9.99454
-31.732 35.5277 9.95182
-31.6276 35.3989 9.92192
-31.5084 35.2658 9.90487
-31.3746 35.1285 9.90069
-31.2262 34.9872 9.9094
-31.0635 34.8422 9.93098
-30.8867 34.6935 9.9654
-30.696 34.5413 10.0126
-30.4917 34.386 10.0726
-30.274 34.2276 10.1452
-30.0432 34.0663 10.2304
-29.7996 33.9024 10.328
-29.5434 33.7361 10.438
-29.2752 33.5676 10.5602
-28.995 33.397 10.6944
-28.7034 33.2247 10.8405
-28.4008 33.0508 10.9982
-28.0874 32.8756 11.1675
-27.7636 32.6993 11.348
-27.43 32.5221 11.5395
-27.0869 32.3442 11.7418
-26.7348 32.1658 11.9547
-26.3741 31.9873 12.1778
-26.0052 31.8088 12.4109
-25.6287 31.6305 12.6537
-25.245 31.4527 12.9059
-24.8546 31.2756 13.1671
-24.4581 31.0994 13.437
-24.0558 30.9243 13.7153
-23.6484 30.7507 14.0016
-23.2363 30.5786 14.2955
-22.8201 30.4083 14.5967
-22.4003 30.2401 14.9049
-21.9774 30.0741 15.2195
-21.552 29.9106 15.5402
-21.1247 29.7497 15.8666
-20.6958 29.5917 16.1983
-20.2662 29.4368 16.5348
-19.8361 29.2852 16.8757
-19.4063 29.137 17.2206
-18.9772 28.9924 17.5691
-18.5495 28.8517 17.9207
-18.1236 28.715 18.2749
-17.7001 28.5825 18.6313
-17.2795 28.4544 18.9895
-16.8624 28.3308 19.3489
-16.4492 28.2118 19.7092
-16.0407 28.0977 20.0699
-15.6371 27.9886 20.4304
-15.2392 27.8846 20.7905
-14.8473 27.7858 21.1495
-14.4619 27.6924 21.507
-14.0837 27.6045 21.8626
-13.713 27.5222 22.2159
-13.3503 27.4456 22.5663
-12.996 27.3749 22.9134
-12.6508 27.31 23.2569
-12.3148 27.2511 23.5962
-11.9887 27.1982 23.9308
-11.6728 27.1515 24.2605
-11.3676 27.111 24.5848
-11.0733 27.0767 24.9032
-10.7904 27.0487 25.2153
-10.5193 27.027 25.5208
-10.2602 27.0116 25.8192
-10.0136 27.0026 26.1103
-9.77974 27 26.3935
-9.5589 27.0038 26.6686
-9.35136 27.0139 26.9352
-9.15741 27.0304 27.1929
-8.97729 27.0532 27.4415
-8.81122 27.0824 27.6805
-8.65943 27.1178 27.9098
-8.5221 27.1594 28.129
-8.3994 27.2072 28.3378
-8.29151 27.2611 28.536
-8.19854 27.3211 28.7233
-8.12063 27.387 28.8995
-8.05786 27.4588 29.0643
-8.01033 27.5364 29.2175
-7.97809 27.6197 29.359
-7.96118 27.7086 29.4886
-7.95963 27.803 29.6061
-7.97343 27.9027 29.7113
20.6667 18.1786 -39.512
20.4031 18.1623 -39.244
20.1342 18.1594 -38.9809
19.8596 18.1692 -38.7239
19.5791 18.1911 -38.474
19.2927 18.2243 -38.2324
19 18.2679 -38
18.7011 18.321 -37.7778
18.3959 18.3826 -37.5665
18.0844 18.4515 -37.367
17.7668 18.5266 -37.1799
17.443 18.6067 -37.0059
17.1132 18.6906 -36.8453
16.7778 18.7771 -36.6986
16.4368 18.8648 -36.566
16.0905 18.9525 -36.4477
15.7394 19.0388 -36.3438
15.3837 19.1226 -36.2541
15.0239 19.2026 -36.1786
14.6604 19.2774 -36.117
14.2936 19.346 -36.0688
13.9241 19.4072 -36.0337
13.5522 19.4599 -36.0109
13.1787 19.5032 -36
12.8038 19.5359 -36
12.4284 19.5573 -36.0102
12.0527 19.5666 -36.0296
11.6775 19.5632 -36.0572
11.3033 19.5463 -36.092
10.9305 19.5155 -36.1329
10.5598 19.4705 -36.1786
10.1916 19.411 -36.2281
9.8265 19.3367 -36.2801
9.46484 19.2477 -36.3333
9.10713 19.1439 -36.3866
8.75376 19.0257 -36.4385
8.40513 18.8932 -36.488
8.06157 18.7468 -36.5338
7.72339 18.587 -36.5747
7.39085 18.4145 -36.6095
7.06417 18.23 -36.6371
6.74353 18.0341 -36.6565
6.42906 17.8278 -36.6667
6.12084 17.612 -36.6667
5.81891 17.3878 -36.6557
5.52325 17.1562 -36.633
5.2338 16.9185 -36.5978
4.95047 16.6757 -36.5497
4.67308 16.4291 -36.488
4.40145 16.1799 -36.4125
4.13532 15.9295 -36.3229
3.87443 15.6792 -36.219
3.61843 15.4301 -36.1007
3.36698 15.1836 -35.9681
3.11966 14.941 -35.8214
2.87606 14.7035 -35.6608
2.63572 14.4722 -35.4867
2.39815 14.2483 -35.2997
2.16286 14.0329 -35.1002
1.92933 13.8271 -34.8889
1.69701 13.6316 -34.6667
1.46538 13.4475 -34.4343
1.23387 13.2755 -34.1927
1.00196 13.1163 -33.9428
0.769077 12.9705 -33.6858
0.534699 12.8386 -33.4227
0.298294 12.7209 -33.1547
0.0593527 12.6178 -32.883
-0.182617 12.5294 -32.6088
-0.428085 12.4558 -32.3333
-0.677492 12.3968 -32.0579
-0.93125 12.3524 -31.7837
-1.18974 12.3222 -31.512
-1.4533 12.3059 -31.244
-1.72224 12.303 -30.9809
-1.99683 12.3128 -30.7239
-2.27727 12.3347 -30.474
-2.56376 12.3679 -30.2324
-2.85641 12.4115 -30
-3.15531 12.4646 -29.7778
-3.4605 12.5262 -29.5665
-3.77196 12.595 -29.367
-4.08964 12.6701 -29.1799
-4.41342 12.7503 -29.0059
-4.74316 12.8342 -28.8453
-5.07865 12.9206 -28.6986
-5.41965 13.0084 -28.566
-5.76587 13.0961 -28.4477
-6.117 13.1824 -28.3438
-6.47267 13.2662 -28.2541
-6.83247 13.3462 -28.1786
-7.196 13.421 -28.117
-7.56278 13.4896 -28.0688
-7.93233 13.5508 -28.0337
-8.30416 13.6035 -28.0109
-8.67775 13.6467 -28
-9.05256 13.6795 -28
-9.42805 13.7009 -28.0102
-9.80367 13.7102 -28.0296
-10.1789 13.7067 -28.0572
-10.5531 13.6899 -28.092
-10.9259 13.6591 -28.1329
-11.2966 13.6141 -28.1786
-11.6648 13.5545 -28.2281
-12.0299 13.4803 -28.2801
-12.3916 13.3913 -28.3333
-12.7493 13.2875 -28.3866
-13.1026 13.1693 -28.4385
-13.4513 13.0368 -28.488
-13.7948 12.8904 -28.5338
-14.133 12.7306 -28.5747
-14.4656 12.5581 -28.6095
-14.7922 12.3735 -28.6371
-15.1129 12.1777 -28.6565
-15.4273 11.9714 -28.6667
-15.7356 11.7556 -28.6667
-16.0375 11.5314 -28.6557
-16.3332 11.2998 -28.633
-16.6226 11.0621 -28.5978
-16.9059 10.8193 -28.5497
-17.1833 10.5727 -28.488
-17.455 10.3235 -28.4125
-17.7211 10.0731 -28.3229
-17.982 9.82276 -28.219
-18.238 9.57371 -28.1007
-18.4894 9.32724 -27.9681
-18.7367 9.08462 -27.8214
-18.9803 8.84708 -27.6608
-19.2207 8.6158 -27.4867
-19.4583 8.39192 -27.2997
-19.6935 8.17653 -27.1002
-19.9271 7.97065 -26.8889
-20.1594 7.77522 -26.6667
-20.391 7.59112 -26.4343
-20.6225 7.41913 -26.1927
-20.8544 7.25993 -25.9428
-21.0873 7.11413 -25.6858
-21.3217 6.9822 -25.4227
-21.5581 6.86454 -25.1547
-21.7971 6.76142 -24.883
-22.039 6.673 -24.6088
-22.2845 6.59935 -24.3333
-22.5339 6.5404 -24.0579
-22.7877 6.49599 -23.7837
-23.0461 6.46582 -23.512
-23.3097 6.44952 -23.244
-23.5787 6.44658 -22.9809
-23.8532 6.45641 -22.7239
-24.1337 6.47832 -22.474
-24.4202 6.51152 -22.2324
-24.7128 6.55514 -22
-25.0117 6.60822 -21.7778
-25.3169 6.66975 -21.5665
-25.6284 6.73864 -21.367
-25.946 6.81374 -21.1799
-26.2698 6.89387 -21.0059
-26.5996 6.97779 -20.8453
-26.9351 7.06424 -20.6986
-27.2761 7.15196 -20.566
-27.6223 7.23965 -20.4477
-27.9734 7.32602 -20.3438
-28.3291 7.40981 -20.2541
-28.6889 7.48975 -20.1786
-29.0524 7.56462 -20.117
-29.4192 7.63322 -20.0688
-29.7887 7.69442 -20.0337
-30.1606 7.74714 -20.0109
-30.5342 7.79034 -20
-30.909 7.82309 -20
-31.2845 7.84451 -20.0102
-31.6601 7.85382 -20.0296
-32.0353 7.85034 -20.0572
-32.4095 7.83347 -20.092
-32.7823 7.80272 -20.1329
-33.153 7.7577 -20.1786
-33.5212 7.69814 -20.2281
-33.8863 7.62388 -20.2801
-34.248 7.53485 -20.3333
-34.6057 7.43112 -20.3866
-34.959 7.31286 -20.4385
-35.3077 7.18035 -20.488
-35.6512 7.03398 -20.5338
-35.9894 6.87424 -20.5747
-36.322 6.70173 -20.6095
-36.6486 6.51714 -20.6371
-36.9693 6.32126 -20.6565
-37.2838 6.11497 -20.6667
-37.592 5.8992 -20.6667
-37.8939 5.675 -20.6557
-38.1896 5.44343 -20.633
-38.479 5.20565 -20.5978
-38.7623 4.96285 -20.5497
-39.0397 4.71625 -20.488
-39.3114 4.46711 -20.4125
-39.5775 4.21672 -20.3229
-39.8384 3.96635 -20.219
-40.0944 3.7173 -20.1007
-40.3458 3.47083 -19.9681
-40.5932 3.22822 -19.8214
-40.8368 2.99067 -19.6608
-41.0771 2.75939 -19.4867
-41.3147 2.53551 -19.2997
-41.55 2.32012 -19.1002
-41.7835 2.11424 -18.8889
-42.0158 1.91881 -18.6667
-42.2474 1.73471 -18.4343
-42.4789 1.56272 -18.1927
-42.7109 1.40353 -17.9428
-42.9437 1.25772 -17.6858
-43.1781 1.12579 -17.4227
-43.4145 1.00813 -17.1547
-43.6535 0.905011 -16.883
-43.8954 0.816598 -16.6088
-44.1409 0.742946 -16.3333
-44.3903 0.683997 -16.0579
-44.6441 0.639579 -15.7837
-44.9026 0.609413 -15.512
-45.1661 0.593109 -15.244
-45.4351 0.590172 -14.9809
-45.7096 0.600004 -14.7239
-45.9901 0.621913 -14.474
-46.2766 0.655112 -14.2324
-46.5692 0.69873 -14
-46.8681 0.751815 -13.7778
-47.1733 0.813346 -13.5665
-47.4848 0.882233 -13.367
-47.8025 0.957335 -13.1799
-48.1262 1.03746 -13.0059
-48.456 1.12138 -12.8453
-48.7915 1.20784 -12.6986
-49.1325 1.29555 -12.566
-49.4787 1.38324 -12.4477
-49.8298 1.46962 -12.3438
-50.1855 1.55341 -12.2541
-50.5453 1.63335 -12.1786
-50.9088 1.70821 -12.117
-51.2756 1.77682 -12.0688
-51.6451 1.83802 -12.0337
-52.017 1.89073 -12.0109
-52.3906 1.93393 -12
-52.7654 1.96668 -12
-53.1409 1.9881 -12.0102
-53.5165 1.99742 -12.0296
-53.8917 1.99393 -12.0572
-54.2659 1.97706 -12.092
-54.6387 1.94631 -12.1329
-55.0094 1.90129 -12.1786
-55.3776 1.84174 -12.2281
-55.7427 1.76747 -12.2801
-56.1044 1.67845 -12.3333
-56.4621 1.57472 -12.3866
-56.8155 1.45646 -12.4385
-57.1641 1.32394 -12.488
-57.5076 1.17757 -12.5338
-57.8458 1.01783 -12.5747
-58.1784 0.84532 -12.6095
-58.505 0.660733 -12.6371
-58.8257 0.464856 -12.6565
-59.1402 0.25856 -12.6667
-59.4484 0.0427969 -12.6667
-59.7503 -0.181411 -12.6557
-60.046 -0.412977 -12.633
-60.3354 -0.650756 -12.5978
-60.6188 -0.893559 -12.5497
-60.8961 -1.14016 -12.488
-61.1678 -1.38929 -12.4125
-61.4339 -1.63969 -12.3229
-61.6948 -1.89005 -12.219
-61.9508 -2.13911 -12.1007
-62.2022 -2.38557 -11.9681
-62.4496 -2.62819 -11.8214
-62.6932 -2.86574 -11.6608
-62.9335 -3.09702 -11.4867
-63.1711 -3.3209 -11.2997
-63.4064 -3.53629 -11.1002
-63.6399 -3.74217 -10.8889
-63.8722 -3.93759 -10.6667
-64.1038 -4.12169 -10.4343
-64.3353 -4.29368 -10.1927
-64.5673 -4.45288 -9.94281
-64.8001 -4.59869 -9.68579
-65.0345 -4.73061 -9.4227
-65.2709 -4.84828 -9.1547
-65.5099 -4.9514 -8.88299
-65.7518 -5.03981 -8.60879
-65.9973 -5.11346 -8.33333
-66.2467 -5.17241 -8.05788
-66.5005 -5.21683 -7.78368
-66.759 -5.24699 -7.51197
-67.0225 -5.2633 -7.24397
-67.2915 -5.26623 -6.98088
-67.566 -5.2564 -6.72386
-67.8465 -5.23449 -6.47401
-68.133 -5.20129 -6.23239
-68.4256 -5.15768 -6
-68.7245 -5.10459 -5.77775
-69.0297 -5.04306 -5.5665
-69.3412 -4.97417 -5.36701
-69.6589 -4.89907 -5.17994
-69.9826 -4.81895 -5.00588
-70.3124 -4.73503 -4.8453
-70.6479 -4.64857 -4.69858
-70.9889 -4.56085 -4.566
-71.3351 -4.47316 -4.44772
-71.6862 -4.38679 -4.34378
-72.0419 -4.303 -4.25414
-72.4017 -4.22306 -4.17863
-72.7652 -4.14819 -4.11699
-73.132 -4.07959 -4.06883
-73.5016 -4.01839 -4.03367
-73.8734 -3.96568 -4.01095
-74.247 -3.92247 -3.99998
-74.6218 -3.88973 -4
-74.9973 -3.86831 -4.01017
-75.3729 -3.85899 -4.02957
-75.7481 -3.86247 -4.05719
-76.1223 -3.87934 -4.09199
-76.4951 -3.9101 -4.13286
-76.8658 -3.95511 -4.17863
-77.234 -4.01467 -4.22812
-77.5991 -4.08893 -4.2801
-77.9608 -4.17796 -4.33333
-78.3185 -4.28169 -4.38656
-78.6719 -4.39995 -4.43855
-79.0205 -4.53246 -4.48803
-79.3641 -4.67884 -4.53381
-79.7022 -4.83858 -4.57467
-80.0348 -5.01109 -4.60948
-80.3615 -5.19567 -4.6371
-80.6821 -5.39155 -4.6565
-80.9966 -5.59785 -4.66667
-81.3048 -5.81361 -4.66669
-81.6067 -6.03782 -4.65572
-81.9024 -6.26938 -4.63299
-82.1918 -6.50716 -4.59784
-82.4752 -6.74997 -4.54968
-82.7525 -6.99656 -4.48803
-83.0242 -7.2457 -4.41253
-83.2903 -7.49609 -4.32289
-83.5512 -7.74646 -4.21895
-83.8072 -7.99551 -4.10066
-84.0587 -8.24198 -3.96808
-84.306 -8.4846 -3.82137
-84.5496 -8.72214 -3.66079
-84.7899 -8.95342 -3.48673
-85.0275 -9.1773 -3.29966
-85.2628 -9.39269 -3.10016
-85.4963 -9.59857 -2.88891
-85.7286 -9.794 -2.66667
-85.9602 -9.9781 -2.43427
-86.1918 -10.1501 -2.19266
-86.4237 -10.3093 -1.94281
-86.6565 -10.4551 -1.68579
-86.8909 -10.587 -1.4227
-87.1273 -10.7047 -1.1547
-87.3663 -10.8078 -0.88299
-87.6082 -10.8962 -0.608787
-87.8537 -10.9699 -0.333333
-88.1031 -11.0288 -0.0578798
-88.3569 -11.0732 0.216323
3.55271e-15 14.641 28
-0.607615 14.9848 26.8032
-1.22114 15.3179 25.6323
-1.84038 15.6403 24.4886
-2.46515 15.9518 23.3735
-3.09527 16.2523 22.2885
-3.73053 16.5418 21.2348
-4.37075 16.8202 20.2137
-5.01574 17.0874 19.2264
-5.66528 17.3432 18.2742
-6.31919 17.5877 17.3582
-6.97727 17.8207 16.4796
-7.63932 18.0423 15.6393
-8.30513 18.2522 14.8385
-8.97451 18.4505 14.0781
-9.64724 18.637 13.359
-10.3231 18.8118 12.6821
-11.002 18.9748 12.0482
-11.6835 19.1259 11.4582
-12.3676 19.2651 10.9126
-13.0541 19.3923 10.4123
-13.7426 19.5075 9.95774
-14.4331 19.6107 9.54953
-15.1252 19.7018 9.18817
-15.8189 19.7809 8.8741
-16.5138 19.8478 8.60769
-17.2097 19.9026 8.38928
-17.9066 19.9452 8.21912
-18.604 19.9756 8.09744
-19.3019 19.9939 8.02437
-20 20 8
-20.6981 19.9939 8.02437
-21.396 19.9756 8.09744
-22.0934 19.9452 8.21912
-22.7903 19.9026 8.38928
-23.4862 19.8478 8.60769
-24.1811 19.7809 8.8741
-24.8748 19.7018 9.18817
-25.5669 19.6107 9.54953
-26.2574 19.5075 9.95774
-26.9459 19.3923 10.4123
-27.6324 19.2651 10.9126
-28.3165 19.1259 11.4582
-28.998 18.9748 12.0482
-29.6769 18.8118 12.6821
-30.3528 18.637 13.359
-31.0255 18.4505 14.0781
-31.6949 18.2522 14.8385
-32.3607 18.0423 15.6393
-33.0227 17.8207 16.4796
-33.6808 17.5877 17.3582
-34.3347 17.3432 18.2742
-34.9843 17.0874 19.2264
-35.6292 16.8202 20.2137
-36.2695 16.5418 21.2348
-36.9047 16.2523 22.2885
-37.5348 15.9518 23.3735
-38.1596 15.6403 24.4886
-38.7789 15.3179 25.6323
-39.3924 14.9848 26.8032
20 -20 -5.32907e-15
20.2266 -19.7582 0.110258
20.441 -19.4981 0.208306
20.643 -19.22 0.294138
20.8327 -18.9239 0.367763
21.0101 -18.61 0.429212
21.175 -18.2784 0.478532
21.3275 -17.9293 0.51579
21.4676 -17.563 0.541069
21.5953 -17.1795 0.554472
21.7107 -16.7793 0.556119
21.8137 -16.3625 0.546149
21.9044 -15.9294 0.524716
21.9829 -15.4804 0.491993
22.0492 -15.0156 0.448171
22.1034 -14.5356 0.393455
22.1456 -14.0406 0.328068
22.1759 -13.5309 0.252249
22.1944 -13.007 0.166253
22.2012 -12.4694 0.0703501
22.1965 -11.9183 -0.0351747
22.1803 -11.3542 -0.150022
22.1528 -10.7777 -0.273877
22.1142 -10.1891 -0.406412
22.0646 -9.58889 -0.547287
22.0043 -8.97764 -0.696147
21.9333 -8.35583 -0.852627
21.8519 -7.72397 -1.01635
21.7602 -7.0826 -1.18692
21.6585 -6.43226 -1.36394
21.547 -5.7735 -1.54701
21.4259 -5.1069 -1.73569
21.2954 -4.43301 -1.92956
21.1557 -3.75244 -2.12819
21.0071 -3.06577 -2.33113
20.8498 -2.3736 -2.53792
20.6841 -1.67654 -2.7481
20.5103 -0.975201 -2.96121
20.3284 -0.270211 -3.17677
20.139 0.43781 -3.39432
19.9421 1.14823 -3.61337
19.7381 1.86042 -3.83343
19.5272 2.57373 -4.05401
19.3097 3.28753 -4.27464
19.086 4.00119 -4.49481
18.8562 4.71405 -4.71405
18.6206 5.42547 -4.93184
18.3797 6.13481 -5.14771
18.1335 6.84144 -5.36116
17.8824 7.54471 -5.5717
17.6268 8.24398 -5.77885
17.3668 8.93863 -5.98212
17.1028 9.62803 -6.18104
16.8351 10.3115 -6.37513
16.5639 10.9886 -6.56392
16.2896 11.6585 -6.74694
16.0124 12.3206 -6.92374
15.7326 12.9745 -7.09387
15.4504 13.6195 -7.25688
15.1663 14.2549 -7.41235
14.8803 14.8803 -7.55983
14.5929 15.4951 -7.69892
14.3043 16.0987 -7.82921
14.0147 16.6906 -7.9503
13.7245 17.2703 -8.06181
13.4338 17.8372 -8.16336
13.1429 18.3908 -8.25459
12.8521 18.9306 -8.33516
12.5616 19.4563 -8.40473
12.2717 19.9672 -8.46297
11.9825 20.463 -8.50958
11.6944 20.9433 -8.54426
11.4075 21.4075 -8.56674
11.1221 21.8554 -8.57676
10.8383 22.2865 -8.57406
10.5564 22.7006 -8.55842
10.2766 23.0971 -8.52962
9.99899 23.4758 -8.48747
9.72382 23.8365 -8.43178
9.45126 24.1788 -8.36239
9.18146 24.5024 -8.27916
8.91459 24.807 -8.18196
8.6508 25.0926 -8.07068
8.39024 25.3588 -7.94523
8.13302 25.6054 -7.80553
7.87929 25.8323 -7.65155
7.62915 26.0394 -7.48323
7.38273 26.2264 -7.30057
7.14011 26.3934 -7.10358
6.9014 26.5402 -6.89226
6.66667 26.6667 -6.66667
6.436 26.7729 -6.42686
6.20946 26.8587 -6.17292
5.9871 26.9243 -5.90495
5.76898 26.9695 -5.62306
5.55513 26.9944 -5.3274
5.3456 26.9991 -5.01811
5.14039 26.9837 -4.69538
4.93952 26.9482 -4.35939
4.74301 26.8928 -4.01037
4.55084 26.8177 -3.64854
4.36302 26.7229 -3.27415
4.17951 26.6087 -2.88747
4.00029 26.4752 -2.48877
3.82533 26.3227 -2.07837
3.65459 26.1515 -1.65658
3.488 25.9617 -1.22373
3.32552 25.7537 -0.78018
3.16708 25.5278 -0.32629
3.0126 25.2842 0.137556
2.862 25.0233 0.61096
2.7152 24.7455 1.09351
2.5721 24.451 1.58478
2.43259 24.1404 2.08434
2.29658 23.8139 2.59172
2.16394 23.4721 3.10646
2.03456 23.1152 3.62809
1.90831 22.7438 4.15611
1.78506 22.3584 4.69003
1.66467 21.9593 5.22934
1.54701 21.547 5.7735
1.43191 21.1221 6.322
1.31924 20.6851 6.8743
1.20884 20.2364 7.42984
1.10055 19.7765 7.98807
0.994207 19.3061 8.54843
0.889643 18.8257 9.11036
0.786691 18.3357 9.67327
0.685178 17.8368 10.2366
0.58493 17.3296 10.7998
0.48577 16.8145 11.3622
0.38752 16.2922 11.9232
0.29 15.7632 12.4823
0.193028 15.2281 13.0389
0.0964224 14.6876 13.5924
4.10446e-15 14.1421 14.1421
-0.0964224 13.5924 14.6876
-0.193028 13.0389 15.2281
-0.29 12.4823 15.7632
-0.38752 11.9232 16.2922
-0.48577 11.3622 16.8145
-0.58493 10.7998 17.3296
-0.685178 10.2366 17.8368
-0.786691 9.67327 18.3357
-0.889643 9.11036 18.8257
-0.994207 8.54843 19.3061
-1.10055 7.98807 19.7765
-1.20884 7.42984 20.2364
-1.31924 6.8743 20.6851
-1.43191 6.322 21.1221
-1.54701 5.7735 21.547
-1.66467 5.22934 21.9593
-1.78506 4.69003 22.3584
-1.90831 4.15611 22.7438
-2.03456 3.62809 23.1152
-2.16394 3.10646 23.4721
-2.29658 2.59172 23.8139
-2.43259 2.08434 24.1404
-2.5721 1.58478 24.451
-2.7152 1.09351 24.7455
-2.862 0.61096 25.0233
-3.0126 0.137556 25.2842
-3.16708 -0.32629 25.5278
-3.32552 -0.78018 25.7537
-3.488 -1.22373 25.9617
-3.65459 -1.65658 26.1515
-3.82533 -2.07837 26.3227
-4.00029 -2.48877 26.4752
-4.17951 -2.88747 26.6087
-4.36302 -3.27415 26.7229
-4.55084 -3.64854 26.8177
-4.74301 -4.01037 26.8928
-4.93952 -4.35939 26.9482
-5.14039 -4.69538 26.9837
-5.3456 -5.01811 26.9991
-5.55513 -5.3274 26.9944
-5.76898 -5.62306 26.9695
-5.9871 -5.90495 26.9243
-6.20946 -6.17292 26.8587
-6.436 -6.42686 26.7729
-6.66667 -6.66667 26.6667
-6.9014 -6.89226 26.5402
-7.14011 -7.10358 26.3934
-7.38273 -7.30057 26.2264
-7.62915 -7.48323 26.0394
-7.87929 -7.65155 25.8323
-8.13302 -7.80553 25.6054
-8.39024 -7.94523 25.3588
-8.6508 -8.07068 25.0926
-8.91459 -8.18196 24.807
-9.18146 -8.27916 24.5024
-9.45126 -8.36239 24.1788
-9.72382 -8.43178 23.8365
-9.99899 -8.48747 23.4758
-10.2766 -8.52962 23.0971
-10.5564 -8.55842 22.7006
-10.8383 -8.57406 22.2865
-11.1221 -8.57676 21.8554
-11.4075 -8.56674 21.4075
-11.6944 -8.54426 20.9433
-11.9825 -8.50958 20.463
-12.2717 -8.46297 19.9672
-12.5616 -8.40473 19.4563
-12.8521 -8.33516 18.9306
-13.1429 -8.25459 18.3908
-13.4338 -8.16336 17.8372
-13.7245 -8.06181 17.2703
-14.0147 -7.9503 16.6906
-14.3043 -7.82921 16.0987
-14.5929 -7.69892 15.4951
-14.8803 -7.55983 14.8803
-15.1663 -7.41235 14.2549
-15.4504 -7.25688 13.6195
-15.7326 -7.09387 12.9745
-16.0124 -6.92374 12.3206
-16.2896 -6.74694 11.6585
-16.5639 -6.56392 10.9886
-16.8351 -6.37513 10.3115
-17.1028 -6.18104 9.62803
-17.3668 -5.98212 8.93863
-17.6268 -5.77885 8.24398
-17.8824 -5.5717 7.54471
-18.1335 -5.36116 6.84144
-18.3797 -5.14771 6.13481
-18.6206 -4.93184 5.42547
-18.8562 -4.71405 4.71405
-19.086 -4.49481 4.00119
-19.3097 -4.27464 3.28753
-19.5272 -4.05401 2.57373
-19.7381 -3.83343 1.86042
-19.9421 -3.61337 1.14823
-20.139 -3.39432 0.43781
-20.3284 -3.17677 -0.270211
-20.5103 -2.96121 -0.975201
-20.6841 -2.7481 -1.67654
-20.8498 -2.53792 -2.3736
-21.0071 -2.33113 -3.06577
-21.1557 -2.12819 -3.75244
-21.2954 -1.92956 -4.43301
-21.4259 -1.73569 -5.1069
-21.547 -1.54701 -5.7735
-21.6585 -1.36394 -6.43226
-21.7602 -1.18692 -7.0826
-21.8519 -1.01635 -7.72397
-21.9333 -0.852627 -8.35583
-22.0043 -0.696147 -8.97764
-22.0646 -0.547287 -9.58889
-22.1142 -0.406412 -10.1891
-22.1528 -0.273877 -10.7777
-22.1803 -0.150022 -11.3542
-22.1965 -0.0351747 -11.9183
-22.2012 0.0703501 -12.4694
-22.1944 0.166253 -13.007
-22.1759 0.252249 -13.5309
-22.1456 0.328068 -14.0406
-22.1034 0.393455 -14.5356
-22.0492 0.448171 -15.0156
-21.9829 0.491993 -15.4804
-21.9044 0.524716 -15.9294
-21.8137 0.546149 -16.3625
-21.7107 0.556119 -16.7793
-21.5953 0.554472 -17.1795
-21.4676 0.541069 -17.563
-21.3275 0.51579 -17.9293
-21.175 0.478532 -18.2784
-21.0101 0.429212 -18.61
-20.8327 0.367763 -18.9239
-20.643 0.294138 -19.22
-20.441 0.208306 -19.4981
-20.2266 0.110258 -19.7582
-20 7.10543e-15 -20
-19.7612 -0.122441 -20.2236
-19.5103 -0.25702 -20.4288
-19.2474 -0.403675 -20.6156
-18.9726 -0.562323 -20.7841
-18.6859 -0.732864 -20.9341
-18.3876 -0.91518 -21.0658
-18.0777 -1.10913 -21.1792
-17.7563 -1.31457 -21.2743
-17.4238 -1.53132 -21.3511
-17.0801 -1.75919 -21.4099
-16.7255 -1.99797 -21.4508
-16.3601 -2.24744 -21.4737
-15.9842 -2.50735 -21.4791
-15.598 -2.77745 -21.4669
-15.2016 -3.05747 -21.4374
-14.7953 -3.3471 -21.3909
-14.3794 -3.64604 -21.3275
-13.954 -3.95397 -21.2475
-13.5194 -4.27056 -21.1512
-13.0759 -4.59544 -21.0388
-12.6238 -4.92826 -20.9107
-12.1633 -5.26863 -20.7672
-11.6947 -5.61616 -20.6086
-11.2183 -5.97044 -20.4352
-10.7344 -6.33106 -20.2475
-10.2434 -6.69758 -20.0457
-9.74545 -7.06955 -19.8304
-9.24097 -7.44654 -19.6018
-8.73026 -7.82807 -19.3605
-8.21367 -8.21367 -19.1068
-7.69153 -8.60286 -18.8412
-7.16419 -8.99515 -18.5642
-6.632 -9.39005 -18.2761
-6.09531 -9.78703 -17.9776
-5.55448 -10.1856 -17.669
-5.00987 -10.5852 -17.3508
-4.46186 -10.9854 -17.0236
-3.9108 -11.3856 -16.6878
-3.35709 -11.7853 -16.3441
-2.80108 -12.1839 -15.9928
-2.24316 -12.5809 -15.6345
-1.68371 -12.9758 -15.2698
-1.12311 -13.368 -14.8991
-0.561749 -13.7569 -14.523
-1.17392e-14 -14.1421 -14.1421
0.561749 -14.523 -13.7569
1.12311 -14.8991 -13.368
1.68371 -15.2698 -12.9758
2.24316 -15.6345 -12.5809
2.80108 -15.9928 -12.1839
3.35709 -16.3441 -11.7853
3.9108 -16.6878 -11.3856
4.46186 -17.0236 -10.9854
5.00987 -17.3508 -10.5852
5.55448 -17.669 -10.1856
6.09531 -17.9776 -9.78703
6.632 -18.2761 -9.39005
7.16419 -18.5642 -8.99515
7.69153 -18.8412 -8.60286
8.21367 -19.1068 -8.21367
8.73026 -19.3605 -7.82807
9.24097 -19.6018 -7.44654
9.74545 -19.8304 -7.06955
10.2434 -20.0457 -6.69758
10.7344 -20.2475 -6.33106
11.2183 -20.4352 -5.97044
11.6947 -20.6086 -5.61616
12.1633 -20.7672 -5.26863
12.6238 -20.9107 -4.92826
13.0759 -21.0388 -4.59544
13.5194 -21.1512 -4.27056
13.954 -21.2475 -3.95397
14.3794 -21.3275 -3.64604
14.7953 -21.3909 -3.3471
15.2016 -21.4374 -3.05747
15.598 -21.4669 -2.77745
15.9842 -21.4791 -2.50735
16.3601 -21.4737 -2.24744
16.7255 -21.4508 -1.99797
17.0801 -21.4099 -1.75919
17.4238 -21.3511 -1.53132
17.7563 -21.2743 -1.31457
18.0777 -21.1792 -1.10913
18.3876 -21.0658 -0.91518
18.6859 -20.9341 -0.732864
18.9726 -20.7841 -0.562323
19.2474 -20.6156 -0.403675
19.5103 -20.4288 -0.25702
19.7612 -20.2236 -0.122441
