8 5 21
0 0 9 43 67 64 50 19 
0 1 46 86 116 120 96 48 
0 25 83 131 157 148 120 64 
8 42 87 137 157 144 109 55 
13 41 73 109 124 116 76 34 

0 0 28 61 74 60 33 4 
0 16 72 107 126 112 73 22 
6 52 113 154 168 141 95 36 
23 68 113 155 165 137 86 29 
28 62 91 122 126 103 54 16 

0 19 54 73 67 40 9 0 
8 42 95 119 121 86 40 0 
31 85 138 164 163 119 63 15 
54 103 141 164 158 113 56 7 
54 89 111 129 114 77 27 0 

22 49 74 72 47 16 0 0 
33 68 107 116 97 51 10 0 
68 114 150 159 138 80 32 5 
97 140 164 165 137 79 30 0 
92 125 134 133 95 52 8 0 

52 69 76 54 22 0 0 0 
60 83 99 92 58 16 0 0 
100 130 147 133 95 38 9 2 
134 162 170 149 103 45 13 4 
131 150 144 124 70 32 1 0 

79 75 60 25 3 0 0 0 
76 84 74 51 16 0 0 0 
115 129 124 85 45 6 0 0 
154 164 156 112 59 18 4 6 
154 159 135 100 44 18 1 5 

96 72 36 0 0 0 0 0 
82 70 37 7 0 0 0 0 
113 106 78 29 4 0 0 0 
155 146 117 62 21 1 0 1 
160 148 103 63 22 12 2 5 

95 57 17 0 0 0 0 0 
74 39 2 0 0 0 0 0 
87 55 21 0 0 0 0 0 
129 98 58 16 0 0 0 0 
142 110 59 25 6 8 4 5 

73 35 10 0 0 0 0 0 
52 10 0 0 0 0 0 0 
40 1 0 0 0 0 0 0 
70 34 5 0 0 0 0 2 
92 56 20 1 0 7 7 8 

42 17 8 0 0 0 0 0 
32 2 0 0 0 0 0 0 
2 0 0 0 0 0 0 0 
7 0 0 0 0 0 0 2 
30 11 0 0 0 8 8 9 

16 6 3 0 0 0 0 0 
20 7 0 0 0 0 0 0 
0 0 0 0 0 0 0 0 
0 0 0 0 0 0 0 0 
0 0 0 0 3 7 6 6 

0 0 0 0 0 0 0 0 
7 2 0 0 0 0 0 0 
0 0 0 0 0 0 0 0 
0 0 0 0 0 3 0 0 
0 0 0 0 0 3 3 0 

0 0 0 0 0 0 0 0 
0 0 0 0 0 0 0 0 
0 0 0 0 0 0 0 0 
0 0 0 0 0 5 0 0 
0 0 0 0 0 0 1 0 

0 0 0 0 0 0 0 0 
0 0 0 0 0 0 0 0 
0 0 0 0 0 0 0 0 
0 0 0 0 0 3 0 0 
0 0 0 0 0 0 1 0 

0 0 0 0 0 0 0 0 
0 0 0 0 0 0 0 0 
0 0 0 0 0 0 0 0 
0 0 0 0 0 0 0 0 
0 0 0 0 0 0 0 0 

0 1 0 0 0 0 0 0 
0 0 0 0 0 0 0 0 
0 0 0 0 0 0 0 0 
0 0 0 0 0 0 0 0 
0 0 0 0 0 0 0 6 

0 0 0 0 0 0 0 0 
0 0 0 0 0 0 0 0 
0 0 0 0 0 0 0 0 
0 0 0 0 0 0 0 1 
0 0 0 0 0 0 2 9 

0 0 0 0 0 0 0 0 
0 0 0 0 0 0 0 0 
0 0 0 0 0 0 0 0 
0 0 0 0 0 0 1 3 
0 0 0 0 0 0 3 8 

0 0 0 0 0 0 0 0 
0 0 0 0 0 0 0 0 
0 0 0 0 0 0 0 0 
0 0 0 0 0 0 0 2 
0 0 0 0 0 0 0 3 

0 0 0 0 0 0 0 0 
0 0 0 0 0 0 0 0 
0 0 0 0 0 0 0 0 
0 0 0 0 0 0 0 0 
0 0 0 0 0 0 0 0 

5 0 0 0 0 0 0 0 
0 0 0 0 0 0 0 0 
0 0 0 0 0 0 0 0 
0 0 0 0 0 0 0 0 
0 0 0 0 0 0 0 0 

