   3.2471400000000000e+02   9.5608199999999997e+01
   4.0554800000000000e+02   9.4288300000000007e+01
   1.3448699999999999e+02   2.0049799999999999e+02
   2.3153200000000001e+02   2.5188200000000001e+02
   4.7864800000000002e+02   2.3451700000000000e+02
   3.0701900000000001e+02   2.7950200000000001e+02
   4.7485800000000000e+02   2.8199099999999999e+02
   4.7209199999999998e+02   2.9351700000000000e+02
   2.6952300000000002e+02   3.7784699999999998e+02
   3.7497899999999998e+02   3.8053500000000003e+02
