  -2.5732837045361362e-02   3.1972163795827443e-02  -2.0162735723454586e-02
  -2.1643429823906823e-02   4.4764607080431257e-02  -2.8412078142521512e-02
  -1.9390060343525278e-02   3.5934294196574151e-03   1.2071942331926452e-02
  -3.2293394173210643e-03   1.6608573678045802e-02   4.1125556662210960e-03
   6.7392944889979600e-04   6.3738019660188411e-02  -1.3056573942255541e-02
  -1.0771454638586198e-04   3.6068814051737917e-02   7.3413204301026446e-03
   7.2705890958190411e-03   6.4830004827389695e-02  -6.2620360399706296e-03
   8.9431785773691486e-03   6.4613344335603076e-02  -4.8347129628543029e-03
   1.5486483214290525e-02   2.9243075824182903e-02   1.9591501704885592e-02
   2.0355471355617133e-02   4.7600282480469186e-02   1.1015732060343706e-02
