  -2.3280000000000001e+01  -2.0000000000000000e+01  -3.6000000000000000e+01
  -2.3280000000000001e+01  -1.9819298419418949e+01  -3.5457895258256848e+01
  -2.3280000000000001e+01  -1.9638596838837898e+01  -3.4915790516513695e+01
  -2.3280000000000001e+01  -1.9457895258256848e+01  -3.4373685774770550e+01
  -2.3280000000000001e+01  -1.9277193677675800e+01  -3.3831581033027398e+01
  -2.3280000000000001e+01  -1.9096492097094750e+01  -3.3289476291284245e+01
  -2.3280000000000001e+01  -1.8915790516513699e+01  -3.2747371549541100e+01
  -2.3280000000000001e+01  -1.8735088935932648e+01  -3.2205266807797948e+01
  -2.3280000000000001e+01  -1.8554387355351597e+01  -3.1663162066054795e+01
  -2.3280000000000001e+01  -1.8373685774770550e+01  -3.1121057324311643e+01
  -2.3280000000000001e+01  -1.8192984194189499e+01  -3.0578952582568494e+01
  -2.3280000000000001e+01  -1.8012282613608448e+01  -3.0036847840825345e+01
  -2.3280000000000001e+01  -1.7831581033027398e+01  -2.9494743099082193e+01
  -2.3280000000000001e+01  -1.7650879452446347e+01  -2.8952638357339044e+01
  -2.3280000000000001e+01  -1.7470177871865296e+01  -2.8410533615595892e+01
  -2.3280000000000001e+01  -1.7289476291284245e+01  -2.7868428873852743e+01
  -2.3280000000000001e+01  -1.7108774710703198e+01  -2.7326324132109590e+01
  -2.3280000000000001e+01  -1.6928073130122147e+01  -2.6784219390366438e+01
  -2.3280000000000001e+01  -1.6747371549541096e+01  -2.6242114648623289e+01
  -2.3280000000000001e+01  -1.6566669968960046e+01  -2.5700009906880140e+01
  -2.3280000000000001e+01  -1.6385968388378995e+01  -2.5157905165136988e+01
  -2.3280000000000001e+01  -1.6205266807797948e+01  -2.4615800423393836e+01
  -2.3280000000000001e+01  -1.6024565227216897e+01  -2.4073695681650687e+01
  -2.3280000000000001e+01  -1.5843863646635846e+01  -2.3531590939907538e+01
  -2.3280000000000001e+01  -1.5663162066054795e+01  -2.2989486198164386e+01
  -2.3280000000000001e+01  -1.5482460485473744e+01  -2.2447381456421237e+01
  -2.3280000000000001e+01  -1.5301758904892695e+01  -2.1905276714678088e+01
  -2.3280000000000001e+01  -1.5121057324311645e+01  -2.1363171972934936e+01
  -2.3280000000000001e+01  -1.4940355743730596e+01  -2.0821067231191783e+01
  -2.3280000000000001e+01  -1.4759654163149545e+01  -2.0278962489448634e+01
  -2.3280000000000001e+01  -1.4578952582568494e+01  -1.9736857747705482e+01
  -2.3280000000000001e+01  -1.4398251001987443e+01  -1.9194753005962330e+01
  -2.3280000000000001e+01  -1.4217549421406392e+01  -1.8652648264219177e+01
  -2.3280000000000001e+01  -1.4036847840825342e+01  -1.8110543522476025e+01
  -2.3280000000000001e+01  -1.3856146260244291e+01  -1.7568438780732873e+01
  -2.3280000000000001e+01  -1.3675444679663240e+01  -1.7026334038989720e+01
  -2.3280000000000001e+01  -1.3494743099082189e+01  -1.6484229297246568e+01
  -2.3280000000000001e+01  -1.3314041518501138e+01  -1.5942124555503415e+01
  -2.3280000000000001e+01  -1.3133339937920088e+01  -1.5400019813760263e+01
  -2.3280000000000001e+01  -1.2952638357339037e+01  -1.4857915072017114e+01
  -2.3280000000000001e+01  -1.2771936776757986e+01  -1.4315810330273962e+01
  -2.3280000000000001e+01  -1.2591235196176935e+01  -1.3773705588530810e+01
  -2.3280000000000001e+01  -1.2410533615595885e+01  -1.3231600846787657e+01
  -2.3280000000000001e+01  -1.2229832035014834e+01  -1.2689496105044505e+01
  -2.3280000000000001e+01  -1.2049130454433783e+01  -1.2147391363301352e+01
  -2.3280000000000001e+01  -1.1868428873852732e+01  -1.1605286621558200e+01
  -2.3280000000000001e+01  -1.1687727293271681e+01  -1.1063181879815048e+01
  -2.3280000000000001e+01  -1.1507025712690631e+01  -1.0521077138071895e+01
  -2.3280000000000001e+01  -1.1326324132109580e+01  -9.9789723963287429e+00
  -2.3280000000000001e+01  -1.1145622551528529e+01  -9.4368676545855905e+00
  -2.3280000000000001e+01  -1.0964920970947478e+01  -8.8947629128424381e+00
  -2.3280000000000001e+01  -1.0784219390366429e+01  -8.3526581710992858e+00
  -2.3280000000000001e+01  -1.0603517809785378e+01  -7.8105534293561334e+00
  -2.3280000000000001e+01  -1.0422816229204328e+01  -7.2684486876129810e+00
  -2.3280000000000001e+01  -1.0242114648623277e+01  -6.7263439458698286e+00
  -2.3280000000000001e+01  -1.0061413068042226e+01  -6.1842392041266763e+00
  -2.3280000000000001e+01  -9.8807114874611752e+00  -5.6421344623835274e+00
  -2.3280000000000001e+01  -9.7000099068801244e+00  -5.1000297206403786e+00
  -2.3280000000000001e+01  -9.5193083262990754e+00  -4.5579249788972298e+00
  -2.3280000000000001e+01  -9.3386067457180264e+00  -4.0158202371540810e+00
  -2.3280000000000001e+01  -9.1579051651369756e+00  -3.4737154954109286e+00
  -2.3280000000000001e+01  -8.9772035845559266e+00  -2.9316107536677833e+00
  -2.3280000000000001e+01  -8.7965020039748776e+00  -2.3895060119246310e+00
  -2.3280000000000001e+01  -8.6158004233938268e+00  -1.8474012701814857e+00
  -2.3280000000000001e+01  -8.4350988428127778e+00  -1.3052965284383333e+00
  -2.3280000000000001e+01  -8.2543972622317288e+00  -7.6319178669518806e-01
  -2.3280000000000001e+01  -8.0736956816506780e+00  -2.2108704495203568e-01
  -2.3280000000000001e+01  -7.8929941010696290e+00   3.2101769679110959e-01
  -2.3280000000000001e+01  -7.7122925204885799e+00   8.6312243853426196e-01
  -2.3280000000000001e+01  -7.5315909399075291e+00   1.4052271802774072e+00
  -2.3280000000000001e+01  -7.3508893593264801e+00   1.9473319220205596e+00
  -2.3280000000000001e+01  -7.1701877787454311e+00   2.4894366637637049e+00
  -2.3280000000000001e+01  -6.9894861981643803e+00   3.0315414055068572e+00
  -2.3280000000000001e+01  -6.8087846175833313e+00   3.5736461472500025e+00
  -2.3280000000000001e+01  -6.6280830370022823e+00   4.1157508889931549e+00
  -2.3280000000000001e+01  -6.4473814564212315e+00   4.6578556307363002e+00
  -2.3280000000000001e+01  -6.2666798758401825e+00   5.1999603724794525e+00
  -2.3280000000000001e+01  -6.0859782952591335e+00   5.7420651142225978e+00
  -2.3280000000000001e+01  -5.9052767146780827e+00   6.2841698559657502e+00
  -2.3280000000000001e+01  -5.7245751340970337e+00   6.8262745977088954e+00
  -2.3280000000000001e+01  -5.5438735535159847e+00   7.3683793394520478e+00
  -2.3280000000000001e+01  -5.3631719729349339e+00   7.9104840811951931e+00
  -2.3280000000000001e+01  -5.1824703923538848e+00   8.4525888229383455e+00
  -2.3280000000000001e+01  -5.0017688117728358e+00   8.9946935646814907e+00
  -2.3280000000000001e+01  -4.8210672311917850e+00   9.5367983064246431e+00
  -2.3280000000000001e+01  -4.6403656506107360e+00   1.0078903048167788e+01
  -2.3280000000000001e+01  -4.4596640700296870e+00   1.0621007789910941e+01
  -2.3280000000000001e+01  -4.2789624894486362e+00   1.1163112531654086e+01
  -2.3280000000000001e+01  -4.0982609088675872e+00   1.1705217273397238e+01
  -2.3280000000000001e+01  -3.9175593282865364e+00   1.2247322015140384e+01
  -2.3280000000000001e+01  -3.7368577477054892e+00   1.2789426756883536e+01
  -2.3280000000000001e+01  -3.5561561671244384e+00   1.3331531498626681e+01
  -2.3280000000000001e+01  -3.3754545865433876e+00   1.3873636240369834e+01
  -2.3280000000000001e+01  -3.1947530059623404e+00   1.4415740982112979e+01
  -2.3280000000000001e+01  -3.0140514253812896e+00   1.4957845723856131e+01
  -2.3280000000000001e+01  -2.8333498448002388e+00   1.5499950465599277e+01
  -2.3280000000000001e+01  -2.6526482642191915e+00   1.6042055207342429e+01
  -2.3280000000000001e+01  -2.4719466836381407e+00   1.6584159949085574e+01
  -2.3280000000000001e+01  -2.2912451030570899e+00   1.7126264690828727e+01
  -2.3280000000000001e+01  -2.1105435224760427e+00   1.7668369432571872e+01
  -2.3280000000000001e+01  -1.9298419418949919e+00   1.8210474174315024e+01
  -2.3280000000000001e+01  -1.7491403613139411e+00   1.8752578916058170e+01
  -2.3280000000000001e+01  -1.5684387807328939e+00   1.9294683657801322e+01
  -2.3280000000000001e+01  -1.3877372001518431e+00   1.9836788399544467e+01
  -2.3280000000000001e+01  -1.2070356195707923e+00   2.0378893141287620e+01
  -2.3280000000000001e+01  -1.0263340389897451e+00   2.0920997883030765e+01
  -2.4000000000000000e+01  -6.0000000000000000e+00   0.0000000000000000e+00
  -2.4563685704244421e+01  -6.0810788377761655e+00   0.0000000000000000e+00
  -2.5081668426717663e+01  -6.3177415731695277e+00   0.0000000000000000e+00
  -2.5511950730293464e+01  -6.6907998666494644e+00   0.0000000000000000e+00
  -2.5819645825882247e+01  -7.1700065853578634e+00   0.0000000000000000e+00
  -2.5979806152744249e+01  -7.7165082054873180e+00   0.0000000000000000e+00
  -2.2000000000000000e+01  -1.0143593539448982e+01  -2.8000000000000000e+01
  -2.2124966990559155e+01  -9.8667760430921039e+00  -2.8000000000000000e+01
  -2.2252325350653940e+01  -9.6079837020475090e+00  -2.8000000000000000e+01
  -2.2381912650662642e+01  -9.3675465735020911e+00  -2.8000000000000000e+01
  -2.2513563618230108e+01  -9.1457713048703440e+00  -2.8000000000000000e+01
  -2.2647110349051939e+01  -8.9429407427040353e+00  -2.8000000000000000e+01
  -2.2782382521015371e+01  -8.7593135719568753e+00  -2.8000000000000000e+01
  -2.2919207611423779e+01  -8.5951239860643032e+00  -2.8000000000000000e+01
  -2.3057411117027748e+01  -8.4505813882591116e+00  -2.8000000000000000e+01
  -2.3196816776582079e+01  -8.3258701245038829e+00  -2.8000000000000000e+01
  -2.3337246795644933e+01  -8.2211492483808115e+00  -2.8000000000000000e+01
  -2.3478522073332332e+01  -8.1365523182388166e+00  -2.8000000000000000e+01
  -2.3620462430738893e+01  -8.0721872268566042e+00  -2.8000000000000000e+01
  -2.3762886840733433e+01  -8.0281360638389465e+00  -2.8000000000000000e+01
  -2.3905613658836366e+01  -8.0044550109217010e+00  -2.8000000000000000e+01
  -2.4048460854884492e+01  -8.0011742703190301e+00  -2.8000000000000000e+01
  -2.4191246245187621e+01  -8.0182980262042740e+00  -2.8000000000000000e+01
  -2.4333787724881041e+01  -8.0558044393735635e+00  -2.8000000000000000e+01
  -2.4475903500177463e+01  -8.1136456750989776e+00  -2.8000000000000000e+01
  -2.4617412320222165e+01  -8.1917479641357520e+00  -2.8000000000000000e+01
  -2.4758133708255762e+01  -8.2900116968056974e+00  -2.8000000000000000e+01
  -2.4897888191789693e+01  -8.4083115500368546e+00  -2.8000000000000000e+01
  -2.5036497531500856e+01  -8.5464966471973689e+00  -2.8000000000000000e+01
  -2.5173784948553529e+01  -8.7043907505197069e+00  -2.8000000000000000e+01
  -2.5309575350058623e+01  -8.8817924858698483e+00  -2.8000000000000000e+01
  -2.5443695552382703e+01  -9.0784755995747393e+00  -2.8000000000000000e+01
  -2.5575974502021992e+01  -9.2941892469804834e+00  -2.8000000000000000e+01
  -2.5706243493759697e+01  -9.5286583123732687e+00  -2.8000000000000000e+01
  -2.5834336385828323e+01  -9.7815837598549447e+00  -2.8000000000000000e+01
  -2.5960089811802703e+01  -1.0052643014725842e+01  -2.8000000000000000e+01
  -2.6083343388953388e+01  -1.0341490374888355e+01  -2.8000000000000000e+01
  -2.6203939922794689e+01  -1.0647757451746617e+01  -2.8000000000000000e+01
  -2.6321725607566560e+01  -1.0971053640039994e+01  -2.8000000000000000e+01
  -2.6436550222394551e+01  -1.1310966616011095e+01  -2.8000000000000000e+01
  -2.6548267322877710e+01  -1.1667062863273051e+01  -2.8000000000000000e+01
  -2.6656734427860044e+01  -1.2038888225705334e+01  -2.8000000000000000e+01
  -2.6761813201147383e+01  -1.2425968486672909e+01  -2.8000000000000000e+01
  -2.6863369627937846e+01  -1.2827809973830146e+01  -2.8000000000000000e+01
  -2.6961274185740919e+01  -1.3243900188737967e+01  -2.8000000000000000e+01
  -2.7055402009567160e+01  -1.3673708460491383e+01  -2.8000000000000000e+01
  -2.7145633051177835e+01  -1.4116686622523694e+01  -2.8000000000000000e+01
  -2.7231852232191393e+01  -1.4572269711724234e+01  -2.8000000000000000e+01
  -2.7313949590851522e+01  -1.5039876688977953e+01  -2.8000000000000000e+01
  -2.7391820422269578e+01  -1.5518911180208026e+01  -2.8000000000000000e+01
  -2.7465365411962548e+01  -1.6008762236976160e+01  -2.8000000000000000e+01
  -2.7534490762516217e+01  -1.6508805115670771e+01  -2.8000000000000000e+01
  -2.7599108313212021e+01  -1.7018402074289142e+01  -2.8000000000000000e+01
  -2.7659135652464968e+01  -1.7536903185797360e+01  -2.8000000000000000e+01
  -2.7714496222929316e+01  -1.8063647167030812e+01  -2.8000000000000000e+01
  -2.7765119419137847e+01  -1.8597962222077939e+01  -2.8000000000000000e+01
  -2.7810940677550292e+01  -1.9139166899071661e+01  -2.8000000000000000e+01
  -2.7851901558896028e+01  -1.9686570959295885e+01  -2.8000000000000000e+01
  -2.7887949822706062e+01  -2.0239476257498389e+01  -2.8000000000000000e+01
  -2.7919039493939181e+01  -2.0797177632287571e+01  -2.8000000000000000e+01
  -2.7945130921617348e+01  -2.1358963805477444e+01  -2.8000000000000000e+01
  -2.7966190829395586e+01  -2.1924118289233736e+01  -2.8000000000000000e+01
  -2.7982192358001736e+01  -2.2491920299864326e+01  -2.8000000000000000e+01
  -2.7993115099492137e+01  -2.3061645677088499e+01  -2.8000000000000000e+01
  -2.7998945123279366e+01  -2.3632567807612549e+01  -2.8000000000000000e+01
  -8.0000000000000000e+00   2.8000000000000000e+01   2.9797958971132712e+01
  -8.0433589416717677e+00   2.8109670830892810e+01   2.9879174117368468e+01
  -8.1019670800410957e+00   2.8224303288920577e+01   2.9947789615543343e+01
  -8.1757496677750421e+00   2.8343751174754257e+01   3.0003717955191561e+01
  -8.2646126044328820e+00   2.8467862147590331e+01   3.0046887806727479e+01
  -8.3684425564794171e+00   2.8596477919442414e+01   3.0077244112417560e+01
  -8.4871071018276947e+00   2.8729434457017724e+01   3.0094748156599586e+01
  -8.6204548987267842e+00   2.8866562190920991e+01   3.0099377615059634e+01
  -8.7683158787792017e+00   2.9007686231918960e+01   3.0091126583503822e+01
  -8.9305014638418250e+00   2.9152626593989691e+01   3.0070005585088495e+01
  -9.1068048065336864e+00   2.9301198423872144e+01   3.0036041556999244e+01
  -9.2970010540438608e+00   2.9453212236823362e+01   2.9989277816095914e+01
  -9.5008476349030513e+00   2.9608474158282490e+01   2.9929774003667383e+01
  -9.7180845683530741e+00   2.9766786171133489e+01   2.9857606009366574e+01
  -9.9484347959197290e+00   2.9927946368251121e+01   2.9772865874422699e+01
  -1.0191604534766157e+01   3.0091749210008185e+01   2.9675661674254243e+01
  -1.0447283652375996e+01   3.0257985786415549e+01   2.9566117380632281e+01
  -1.0715146062088552e+01   3.0426444083560646e+01   2.9444372703570053e+01
  -1.0994850138981434e+01   3.0596909254004636e+01   2.9310582913140347e+01
  -1.1286039155570323e+01   3.0769163890793383e+01   2.9164918641447983e+01
  -1.1588341736770156e+01   3.0942988304732769e+01   2.9007565665009960e+01
  -1.1901372333537481e+01   3.1118160804574718e+01   2.8838724667820802e+01
  -1.2224731714589936e+01   3.1294457979756597e+01   2.8658610985405279e+01
  -1.2558007475575694e+01   3.1471654985333362e+01   2.8467454330184932e+01
  -1.2900774565043520e+01   3.1649525828739126e+01   2.8265498498508698e+01
  -1.3252595826542592e+01   3.1827843658012320e+01   2.8053001059721211e+01
  -1.3613022556160768e+01   3.2006381051116932e+01   2.7830233027665408e+01
  -1.3981595074790160e+01   3.2184910305990819e+01   2.7597478515038333e+01
  -1.4357843314390216e+01   3.2363203730951128e+01   2.7355034371041032e+01
  -1.4741287417500569e+01   3.2541033935086503e+01   2.7103209802784598e+01
  -1.5131438349239069e+01   3.2718174118265658e+01   2.6842325980935257e+01
  -1.5527798521004469e+01   3.2894398360392543e+01   2.6572715630101470e+01
  -1.5929862425088304e+01   3.3069481909539100e+01   2.6294722604485393e+01
  -1.6337117279386607e+01   3.3243201468588147e+01   2.6008701449339945e+01
  -1.6749043681389171e+01   3.3415335480020872e+01   2.5715016948790812e+01
  -1.7165116270612362e+01   3.3585664408485684e+01   2.5414043660599990e+01
  -1.7584804398630546e+01   3.3753971020788008e+01   2.5106165438464348e+01
  -1.8007572805851613e+01   3.3920040662944004e+01   2.4791774942458346e+01
  -1.8432882304173514e+01   3.4083661533944813e+01   2.4471273138245337e+01
  -1.8860190464651058e+01   3.4244624955882195e+01   2.4145068785696136e+01
  -1.9288952309296043e+01   3.4402725640091013e+01   2.3813577917567041e+01
  -1.9718621006128362e+01   3.4557761948969230e+01   2.3477223308902229e+01
  -2.0148648566591628e+01   3.4709536153141357e+01   2.3136433937837161e+01
  -2.0578486544443880e+01   3.4857854683637498e+01   2.2791644438490778e+01
  -2.1007586735232017e+01   3.5002528378766321e+01   2.2443294546644147e+01
  -2.1435401875457838e+01   3.5143372725367030e+01   2.2091828538912619e+01
  -2.1861386340544037e+01   3.5280208094132831e+01   2.1737694666126693e+01
  -2.2284996840709930e+01   3.5412859968705540e+01   2.1381344581644296e+01
  -2.2705693113869483e+01   3.5541159168249351e+01   2.1023232765323510e+01
  -2.3122938614667859e+01   3.5664942063219783e+01   2.0663815943890523e+01
  -2.3536201198777746e+01   3.5784050784052631e+01   2.0303552508441950e+01
  -2.3944953801582738e+01   3.5898333422506816e+01   1.9942901929824433e+01
  -2.4348675110382199e+01   3.6007644225404306e+01   1.9582324172637190e+01
  -2.4746850229260218e+01   3.6111843780520005e+01   1.9222279108604837e+01
  -2.5138971335770822e+01   3.6210799194384585e+01   1.8863225930068655e+01
  -2.5524538328601832e+01   3.6304384261773436e+01   1.8505622564344328e+01
  -2.5903059465391415e+01   3.6392479626665619e+01   1.8149925089693049e+01
  -2.6274051989883777e+01   3.6474972934467495e+01   1.7796587153650886e+01
  -2.6637042747624275e+01   3.6551758975306932e+01   1.7446059394458228e+01
  -2.6991568789408603e+01   3.6622739818215301e+01   1.7098788866327190e+01
  -2.7337177961716453e+01   3.6687824936026146e+01   1.6755218469280010e+01
  -2.7673429483376651e+01   3.6746931320831258e+01   1.6415786384285621e+01
  -2.7999894507728271e+01   3.6799983589846818e+01   1.6080925514414737e+01
  -2.8316156669560812e+01   3.6846914081554722e+01   1.5751062932726258e+01
  -2.8621812616135806e+01   3.6887662941996354e+01   1.5426619337589131e+01
  -2.8916472521612672e+01   3.6922178201108785e+01   1.5108008516134316e+01
  -2.9199760584222702e+01   3.6950415839006119e+01   1.4795636816521192e+01
  -2.9471315505557101e+01   3.6972339842121279e+01   1.4489902629691409e+01
  -2.9730790951357839e+01   3.6987922249136858e+01   1.4191195881271176e+01
  -2.9977855993223535e+01   3.6997143186646227e+01   1.3899897534270041e+01
  -3.0212195530667181e+01   3.6999990894499604e+01   1.3616379103210296e+01
  -3.0433510692987298e+01   3.6996461740802623e+01   1.3341002180306809e+01
  -3.0641519220440031e+01   3.6986560226548384e+01   1.3074117974301467e+01
  -3.0835955824226101e+01   3.6970298979877001e+01   1.2816066862540467e+01
  -3.1016572524833371e+01   3.6947698739969965e+01   1.2567177956865683e+01
  -3.1183138968303652e+01   3.6918788330599945e+01   1.2327768683873755e+01
  -3.1335442720020300e+01   3.6883604623369678e+01   1.2098144380078280e+01
  -3.1473289535641911e+01   3.6842192490686841e+01   1.1878597902491363e+01
  -3.1596503608836649e+01   3.6794604748534951e+01   1.1669409255121204e+01
  -3.1704927795501170e+01   3.6740902089113163e+01   1.1470845231862103e+01
  -3.1798423814178246e+01   3.6681153003431021e+01   1.1283159076232280e+01
  -3.1876872422417399e+01   3.6615433693956717e+01   1.1106590158393526e+01
  -3.1940173568853709e+01   3.6543827977430439e+01   1.0941363669864568e+01
  -3.1988246520810797e+01   3.6466427177966594e+01   1.0787690336317517e+01
  -3.2021029967265221e+01   3.6383330010581368e+01   1.0645766148823700e+01
  -3.2038482097040990e+01   3.6294642455294088e+01   1.0515772113891602e+01
  -3.2040580652134523e+01   3.6200477621962996e+01   1.0397874022615772e+01
  -3.2027322956101870e+01   3.6100955606027817e+01   1.0292222239231064e+01
  -3.1998725917472250e+01   3.5996203335343061e+01   1.0198951509341901e+01
  -3.1954826008183296e+01   3.5886354408297478e+01   1.0118180788071150e+01
  -3.1895679217065695e+01   3.5771548923426039e+01   1.0050013088347786e+01
  -3.1821360978436434e+01   3.5651933300731841e+01   9.9945353495268012e+00
  -3.1731966075891805e+01   3.5527660094945738e+01   9.9518183265089615e+00
  -3.1627608521422811e+01   3.5398887800961909e+01   9.9219164995018119e+00
  -3.1508421410007141e+01   3.5265780651697497e+01   9.9048680045369828e+00
  -3.1374556749863235e+01   3.5128508408634083e+01   9.9006945848324790e+00
  -3.1226185268582846e+01   3.4987246145308248e+01   9.9094015630619232e+00
  -3.1063496195389412e+01   3.4842174024027187e+01   9.9309778345661570e+00
  -3.0886697019799904e+01   3.4693477066094296e+01   9.9653958815158283e+00
  -3.0696013226997927e+01   3.4541344915837662e+01   1.0012611808006961e+01
  -3.0491688010255686e+01   3.4385971598742543e+01   1.0072565396044647e+01
  -3.0273981960771430e+01   3.4227555273996153e+01   1.0145180182343568e+01
  -3.0043172735318038e+01   3.4066297981760464e+01   1.0230363555847321e+01
  -2.9799554702126642e+01   3.3902405385495335e+01   1.0328006875842215e+01
  -2.9543438565456832e+01   3.3736086509660510e+01   1.0437985610514882e+01
  -2.9275150969332330e+01   3.3567553473131177e+01   1.0560159495776986e+01
  -2.8995034080947491e+01   3.3397021218666879e+01   1.0694372714154493e+01
  -2.8703445154275933e+01   3.3224707238779004e+01   1.0840454093513319e+01
  -2.8400756074437894e+01   3.3050831298346367e+01   1.0998217325367927e+01
  -2.8087352883407402e+01   3.2875615154332614e+01   1.1167461202494435e+01
  -2.7763635287664073e+01   3.2699282272963060e+01   1.1347969875545232e+01
  -2.7430016148417664e+01   3.2522057544721505e+01   1.1539513128337729e+01
  -2.7086920955055337e+01   3.2344166997530621e+01   1.1741846671466266e+01
  -2.6734787282483303e+01   3.2165837508481694e+01   1.1954712453862594e+01
  -2.6374064233054845e+01   3.1987296514481301e+01   1.2177838991907693e+01
  -2.6005211863796639e+01   3.1808771722184087e+01   1.2410941715675056e+01
  -2.5628700599663624e+01   3.1630490817581446e+01   1.2653723331863993e+01
  -2.5245010633570985e+01   3.1452681175616597e+01   1.2905874202959943e+01
  -2.4854631313968277e+01   3.1275569570196343e+01   1.3167072742138306e+01
  -2.4458060520736844e+01   3.1099381884969382e+01   1.3436985823408127e+01
  -2.4055804030206403e+01   3.0924342825240036e+01   1.3715269206472541e+01
  -2.3648374870100824e+01   3.0750675631384819e+01   1.4001567975764084e+01
  -2.3236292665235489e+01   3.0578601794137288e+01   1.4295516993095056e+01
  -2.2820082974801075e+01   3.0408340772104420e+01   1.4596741363345441e+01
  -2.2400276622078614e+01   3.0240109711874645e+01   1.4904856912594695e+01
  -2.1977409017440987e+01   3.0074123171074596e+01   1.5219470678087385e+01
  -2.1552019475504142e+01   2.9910592844727784e+01   1.5540181409407900e+01
  -2.1124650527298861e+01   2.9749727295264098e+01   1.5866580080225097e+01
  -2.0695847228340451e+01   2.9591731686524586e+01   1.6198250409954095e+01
  -2.0266156463478811e+01   2.9436807522100708e+01   1.6534769394669947e+01
  -1.9836126249415333e+01   2.9285152388341761e+01   1.6875707846596143e+01
  -1.9406305035776320e+01   2.9136959702358247e+01   1.7220630941479783e+01
  -1.8977241005634202e+01   2.8992418465342617e+01   1.7569098773155456e+01
  -1.8549481376368817e+01   2.8851713021521931e+01   1.7920666914590342e+01
  -1.8123571701760220e+01   2.8715022823049921e+01   1.8274886984695190e+01
  -1.7700055176203183e+01   2.8582522201138243e+01   1.8631307220178233e+01
  -1.7279471941930936e+01   2.8454380143718900e+01   1.8989473051712547e+01
  -1.6862358400131367e+01   2.8330760079921294e+01   1.9348927683682334e+01
  -1.6449246526834635e+01   2.8211819671638885e+01   1.9709212676768374e+01
  -1.6040663194444392e+01   2.8097710612451195e+01   2.0069868532629965e+01
  -1.5637129499778107e+01   2.7988578434157670e+01   2.0430435279937409e+01
  -1.5239160099473356e+01   2.7884562321170105e+01   2.0790453061007828e+01
  -1.4847262553607873e+01   2.7785794933000393e+01   2.1149462718295933e+01
  -1.4461936678370252e+01   2.7692402235069942e+01   2.1507006379991942e+01
  -1.4083673908607089e+01   2.7604503338056571e+01   2.1862628043979647e+01
  -1.3712956671059400e+01   2.7522210345983765e+01   2.2215874159409999e+01
  -1.3350257769087850e+01   2.7445628213246057e+01   2.2566294205148282e+01
  -1.2996039779671303e+01   2.7374854610752859e+01   2.2913441264357385e+01
  -1.2650754463447901e+01   2.7309979801361450e+01   2.3256872594484186e+01
  -1.2314842188550980e+01   2.7251086524758033e+01   2.3596150191922192e+01
  -1.1988731368974717e+01   2.7198249891933614e+01   2.3930841350630214e+01
  -1.1672837918185872e+01   2.7151537289389374e+01   2.4260519213994634e+01
  -1.1367564718678176e+01   2.7111008293193624e+01   2.4584763319231591e+01
  -1.1073301108146330e+01   2.7076714592999998e+01   2.4903160133634458e+01
  -1.0790422382934501e+01   2.7048699926123788e+01   2.5215303581983051e+01
  -1.0519289319392954e+01   2.7027000021760465e+01   2.5520795564441581e+01
  -1.0260247713753003e+01   2.7011642555417581e+01   2.5819246464285147e+01
  -1.0013627941107284e+01   2.7002647113618142e+01   2.6110275644806983e+01
  -9.7797445340577358e+00   2.7000025168920423e+01   2.6393511934772903e+01
  -9.5588957815687117e+00   2.7003780065286179e+01   2.6668594101803635e+01
  -9.3513633485367880e+00   2.7013907013815839e+01   2.6935171313081447e+01
  -9.1574119165625145e+00   2.7030393098856141e+01   2.7192903582793427e+01
  -8.9772888463821889e+00   2.7053217294472432e+01   2.7441462205740780e+01
  -8.8112238623902783e+00   2.7082350491264613e+01   2.7680530176561064e+01
  -8.6594287596547428e+00   2.7117755533492527e+01   2.7909802594028811e+01
  -8.5220971337989671e+00   2.7159387266463451e+01   2.8128987049918823e+01
  -8.3994041340948336e+00   2.7207192594121235e+01   2.8337804001936178e+01
  -8.2915062400817607e+00   2.7261110546763682e+01   2.8535987130237416e+01
  -8.1985410619966981e+00   2.7321072358801747e+01   2.8723283677088062e+01
  -8.1206271652694930e+00   2.7387001556461428e+01   2.8899454769223500e+01
  -8.0578639193075663e+00   2.7458814055316477e+01   2.9064275722501797e+01
  -8.0103313707626747e+00   2.7536418267527552e+01   2.9217536328460220e+01
  -7.9780901414414611e+00   2.7619715218651006e+01   2.9359041122409742e+01
  -7.9611813509899285e+00   2.7708598673868401e+01   2.9488609632725762e+01
  -7.9596265644504847e+00   2.7802955273475686e+01   2.9606076611017023e+01
  -7.9734277647584442e+00   2.7902664677459306e+01   2.9711292242879253e+01
   2.0666666666666668e+01   1.8178632794954083e+01  -3.9511966128287412e+01
   2.0403103552461971e+01   1.8162328496934748e+01  -3.9243969521827623e+01
   2.0134162292788794e+01   1.8159390949929030e+01  -3.8980881141164126e+01
   1.9859579408990758e+01   1.8169223471702267e+01  -3.8723857625084605e+01
   1.9579134358577580e+01   1.8191132192085618e+01  -3.8474009455095185e+01
   1.9292651213686590e+01   1.8224331333747017e+01  -3.8232392503985665e+01
   1.9000000000000000e+01   1.8267949192431121e+01  -3.8000000000000000e+01
   1.8701097685927930e+01   1.8321034771155055e+01  -3.7777754967769681e+01
   1.8395908814528958e+01   1.8382565017869677e+01  -3.7566503203538929e+01
   1.8084445773358848e+01   1.8451452611503395e+01  -3.7367006838144547e+01
   1.7766768700193762e+01   1.8526554237132093e+01  -3.7179938536740117e+01
   1.7442985025345482e+01   1.8606679287296018e+01  -3.7005876379407979e+01
   1.7113248654051873e+01   1.8690598923241495e+01  -3.6845299461620748e+01
   1.6777758795165070e+01   1.8777055427125809e+01  -3.6698584248035509e+01
   1.6436758445051865e+01   1.8864771774009430e+01  -3.6566001707370425e+01
   1.6090532538244585e+01   1.8952461350786884e+01  -3.6447715250169210e+01
   1.5739405778917291e+01   1.9038837748089378e+01  -3.6343779485148204e+01
   1.5383740169690935e+01   1.9122624550636836e+01  -3.6254139803591059e+01
   1.5023932256574831e+01   1.9202565051528911e+01  -3.6178632794954083e+01
   1.4660410111012084e+01   1.9277431816543317e+01  -3.6116987490519094e+01
   1.4293630071997438e+01   1.9346036025651390e+01  -3.6068827425629010e+01
   1.3924073273061971e+01   1.9407236520656365e+01  -3.6033673504811219e+01
   1.3552241980556413e+01   1.9459948490096274e+01  -3.6010947647983372e+01
   1.3178655771100942e+01   1.9503151725314215e+01  -3.5999977189991910e+01
   1.2803847577293368e+01   1.9535898384862247e+01  -3.6000000000000000e+01
   1.2428359631770281e+01   1.9557320208147129e+01  -3.6010170281763443e+01
   1.2052739340489261e+01   1.9566635123417704e+01  -3.6029565010650742e+01
   1.1677535116639032e+01   1.9563153199803157e+01  -3.6057190958417941e+01
   1.1303292206883931e+01   1.9546281898103533e+01  -3.6091992252275240e+01
   1.0930548541707575e+01   1.9515530580370829e+01  -3.6132858410716509e+01
   1.0559830641437076e+01   1.9470514243960036e+01  -3.6178632794954083e+01
   1.0191649609105413e+01   1.9410956451631741e+01  -3.6228121411638298e+01
   9.8264972406487505e+00   1.9336691435406433e+01  -3.6280101999867860e+01
   9.4648422820424098e+00   1.9247665358158919e+01  -3.6333333333333336e+01
   9.1071268618609533e+00   1.9143936723351370e+01  -3.6386564666798812e+01
   8.7537631264127729e+00   1.9025675929786619e+01  -3.6438545255028373e+01
   8.4051301030578252e+00   1.8893163974770410e+01  -3.6488033871712588e+01
   8.0615708155805503e+00   1.8746790315552214e+01  -3.6533808255950156e+01
   7.7233896735717522e+00   1.8587049905320406e+01  -3.6574674414391431e+01
   7.3908501556878168e+00   1.8414539426309641e+01  -3.6609475708248731e+01
   7.0641728044190195e+00   1.8229952748688760e+01  -3.6637101656015929e+01
   6.7435335476280365e+00   1.8034075649789834e+01  -3.6656496384903228e+01
   6.4290623596326544e+00   1.7827779833868199e+01  -3.6666666666666671e+01
   6.1208422720227524e+00   1.7612016297906738e+01  -3.6666689476674762e+01
   5.8189087417397509e+00   1.7387808093954590e+01  -3.6655719018683300e+01
   5.5232493812278864e+00   1.7156242543083341e+01  -3.6632993161855453e+01
   5.2338040527110028e+00   1.6918462960217116e+01  -3.6597839241037661e+01
   4.9504653258773086e+00   1.6675659952815664e+01  -3.6549679176147578e+01
   4.6730792954889484e+00   1.6429062359632656e+01  -3.6488033871712588e+01
   4.4014467526937722e+00   1.6179927898510812e+01  -3.6412526863075605e+01
   4.1353247011250129e+00   1.5929533594389667e+01  -3.6322887181518468e+01
   3.8744282062503181e+00   1.5679166060374683e+01  -3.6218951416497461e+01
   3.6184325638956381e+00   1.5430111705834662e+01  -3.6100664959296246e+01
   3.3669757714400177e+00   1.5183646946049674e+01  -3.5968082418631163e+01
   3.1196612828741515e+00   1.4941028487920072e+01  -3.5821367205045924e+01
   2.8760610267549254e+00   1.4703483765668141e+01  -3.5660790287258692e+01
   2.6357186640876016e+00   1.4472201599322538e+01  -3.5486728129926554e+01
   2.3981530613410946e+00   1.4248323147080036e+01  -3.5299659828522124e+01
   2.1628619521646755e+00   1.4032933220402597e+01  -3.5100163463127743e+01
   1.9293257599381803e+00   1.3827052027947129e+01  -3.4888911698896990e+01
   1.6970115520637776e+00   1.3631627411161569e+01  -3.4666666666666671e+01
   1.4653770959048948e+00   1.3447527630639158e+01  -3.4434274162681007e+01
   1.2338749855039381e+00   1.3275534758131053e+01  -3.4192657211571486e+01
   1.0019568076721939e+00   1.3116338724508072e+01  -3.3942809041582066e+01
   7.6907731574532434e-01   1.2970532068970169e+01  -3.3685785525502546e+01
   5.3469857923970565e-01   1.2838605429465344e+01  -3.3422697144839049e+01
   2.9829407782823480e-01   1.2720943808638610e+01  -3.3154700538379259e+01
   5.9352708477920402e-02   1.2617823643729377e+01  -3.2882989699472816e+01
  -1.8261732474738679e-01   1.2529410702717158e+01  -3.2608786889021033e+01
  -4.2808476782301952e-01   1.2455758822727139e+01  -3.2333333333333336e+01
  -6.7749174932353284e-01   1.2396809500297163e+01  -3.2057879777645638e+01
  -9.3125041555732935e-01   1.2352392336624384e+01  -3.1783676967193855e+01
  -1.1897397938843497e+00   1.2322226334403066e+01  -3.1511966128287419e+01
  -1.4533029080890465e+00   1.2305922036383734e+01  -3.1243969521827630e+01
  -1.7222441677622236e+00   1.2302984489378012e+01  -3.0980881141164133e+01
  -1.9968270515602597e+00   1.2312817011151250e+01  -3.0723857625084605e+01
  -2.2772721019734412e+00   1.2334725731534602e+01  -3.0474009455095189e+01
  -2.5637552468644280e+00   1.2367924873196001e+01  -3.0232392503985668e+01
  -2.8564064605510175e+00   1.2411542731880106e+01  -3.0000000000000007e+01
  -3.1553087746230872e+00   1.2464628310604041e+01  -2.9777754967769688e+01
  -3.4604976460220591e+00   1.2526158557318659e+01  -2.9566503203538932e+01
  -3.7719606871921698e+00   1.2595046150952379e+01  -2.9367006838144555e+01
  -4.0896377603572560e+00   1.2670147776581075e+01  -2.9179938536740124e+01
  -4.4134214352055317e+00   1.2750272826745002e+01  -2.9005876379407987e+01
  -4.7431578064991484e+00   1.2834192462690481e+01  -2.8845299461620755e+01
  -5.0786476653859509e+00   1.2920648966574793e+01  -2.8698584248035509e+01
  -5.4196480154991526e+00   1.3008365313458413e+01  -2.8566001707370425e+01
  -5.7658739223064295e+00   1.3096054890235866e+01  -2.8447715250169210e+01
  -6.1170006816337263e+00   1.3182431287538362e+01  -2.8343779485148204e+01
  -6.4726662908600829e+00   1.3266218090085822e+01  -2.8254139803591066e+01
  -6.8324742039761901e+00   1.3346158590977895e+01  -2.8178632794954087e+01
  -7.1959963495389339e+00   1.3421025355992299e+01  -2.8116987490519094e+01
  -7.5627763885535799e+00   1.3489629565100373e+01  -2.8068827425629014e+01
  -7.9323331874890428e+00   1.3550830060105348e+01  -2.8033673504811219e+01
  -8.3041644799946042e+00   1.3603542029545256e+01  -2.8010947647983379e+01
  -8.6777506894500753e+00   1.3646745264763195e+01  -2.7999977189991913e+01
  -9.0525588832576460e+00   1.3679491924311229e+01  -2.8000000000000007e+01
  -9.4280468287807437e+00   1.3700913747596111e+01  -2.8010170281763443e+01
  -9.8036671200617640e+00   1.3710228662866687e+01  -2.8029565010650746e+01
  -1.0178871343911979e+01   1.3706746739252143e+01  -2.8057190958417944e+01
  -1.0553114253667083e+01   1.3689875437552518e+01  -2.8091992252275240e+01
  -1.0925857918843437e+01   1.3659124119819813e+01  -2.8132858410716516e+01
  -1.1296575819113940e+01   1.3614107783409018e+01  -2.8178632794954090e+01
  -1.1664756851445606e+01   1.3554549991080723e+01  -2.8228121411638298e+01
  -1.2029909219902265e+01   1.3480284974855415e+01  -2.8280101999867867e+01
  -1.2391564178508609e+01   1.3391258897607905e+01  -2.8333333333333339e+01
  -1.2749279598690073e+01   1.3287530262800352e+01  -2.8386564666798812e+01
  -1.3102643334138243e+01   1.3169269469235603e+01  -2.8438545255028380e+01
  -1.3451276357493192e+01   1.3036757514219394e+01  -2.8488033871712592e+01
  -1.3794835644970462e+01   1.2890383855001199e+01  -2.8533808255950163e+01
  -1.4133016786979262e+01   1.2730643444769390e+01  -2.8574674414391438e+01
  -1.4465556304863199e+01   1.2558132965758627e+01  -2.8609475708248738e+01
  -1.4792233656131991e+01   1.2373546288137746e+01  -2.8637101656015933e+01
  -1.5112872912922981e+01   1.2177669189238816e+01  -2.8656496384903235e+01
  -1.5427344100918354e+01   1.1971373373317187e+01  -2.8666666666666675e+01
  -1.5735564188528272e+01   1.1755609837355719e+01  -2.8666689476674769e+01
  -1.6037497718811274e+01   1.1531401633403570e+01  -2.8655719018683300e+01
  -1.6333157079323129e+01   1.1299836082532323e+01  -2.8632993161855460e+01
  -1.6622602407840013e+01   1.1062056499666104e+01  -2.8597839241037669e+01
  -1.6905941134673704e+01   1.0819253492264648e+01  -2.8549679176147585e+01
  -1.7183327165062067e+01   1.0572655899081640e+01  -2.8488033871712595e+01
  -1.7454959707857242e+01   1.0323521437959796e+01  -2.8412526863075612e+01
  -1.7721081759425999e+01   1.0073127133838650e+01  -2.8322887181518475e+01
  -1.7981978254300699e+01   9.8227595998236659e+00  -2.8218951416497468e+01
  -1.8237973896655383e+01   9.5737052452836444e+00  -2.8100664959296253e+01
  -1.8489430689110996e+01   9.3272404854986597e+00  -2.7968082418631170e+01
  -1.8736745177676873e+01   9.0846220273690541e+00  -2.7821367205045924e+01
  -1.8980345433796089e+01   8.8470773051171268e+00  -2.7660790287258699e+01
  -1.9220687796463423e+01   8.6157951387715226e+00  -2.7486728129926554e+01
  -1.9458253399209930e+01   8.3919166865290187e+00  -2.7299659828522127e+01
  -1.9693544508386339e+01   8.1765267598515852e+00  -2.7100163463127750e+01
  -1.9927080700612841e+01   7.9706455673961134e+00  -2.6888911698896994e+01
  -2.0159394908487236e+01   7.7752209506105547e+00  -2.6666666666666679e+01
  -2.0391029364646130e+01   7.5911211700881402e+00  -2.6434274162681014e+01
  -2.0622531475047083e+01   7.4191282975800359e+00  -2.6192657211571486e+01
  -2.0854449652878820e+01   7.2599322639570580e+00  -2.5942809041582077e+01
  -2.1087329144805693e+01   7.1141256084191511e+00  -2.5685785525502553e+01
  -2.1321707881311312e+01   6.9821989689143287e+00  -2.5422697144839056e+01
  -2.1558112382722783e+01   6.8645373480875929e+00  -2.5154700538379259e+01
  -2.1797053752073097e+01   6.7614171831783594e+00  -2.4882989699472823e+01
  -2.2039023785298404e+01   6.6730042421661420e+00  -2.4608786889021040e+01
  -2.2284491228374037e+01   6.5993523621761234e+00  -2.4333333333333343e+01
  -2.2533898209874550e+01   6.5404030397461437e+00  -2.4057879777645645e+01
  -2.2787656876108343e+01   6.4959858760733677e+00  -2.3783676967193863e+01
  -2.3046146254435371e+01   6.4658198738520483e+00  -2.3511966128287426e+01
  -2.3309709368640064e+01   6.4495155758327165e+00  -2.3243969521827633e+01
  -2.3578650628313241e+01   6.4465780288269965e+00  -2.2980881141164136e+01
  -2.3853233512111281e+01   6.4564105506002321e+00  -2.2723857625084612e+01
  -2.4133678562524452e+01   6.4783192709835848e+00  -2.2474009455095199e+01
  -2.4420161707415446e+01   6.5115184126449854e+00  -2.2232392503985668e+01
  -2.4712812921102035e+01   6.5551362713290899e+00  -2.2000000000000007e+01
  -2.5011715235174108e+01   6.6082218500530239e+00  -2.1777754967769692e+01
  -2.5316904106573077e+01   6.6697520967676436e+00  -2.1566503203538932e+01
  -2.5628367147743191e+01   6.7386396904013637e+00  -2.1367006838144558e+01
  -2.5946044220908270e+01   6.8137413160300575e+00  -2.1179938536740131e+01
  -2.6269827895756549e+01   6.8938663661939845e+00  -2.1005876379407990e+01
  -2.6599564267050162e+01   6.9777860021394620e+00  -2.0845299461620762e+01
  -2.6935054125936965e+01   7.0642425060237741e+00  -2.0698584248035520e+01
  -2.7276054476050177e+01   7.1519588529073967e+00  -2.0566001707370429e+01
  -2.7622280382857454e+01   7.2396484296848520e+00  -2.0447715250169217e+01
  -2.7973407142184747e+01   7.3260248269873447e+00  -2.0343779485148207e+01
  -2.8329072751411104e+01   7.4098116295348024e+00  -2.0254139803591070e+01
  -2.8688880664527204e+01   7.4897521304268793e+00  -2.0178632794954090e+01
  -2.9052402810089944e+01   7.5646188954412814e+00  -2.0116987490519101e+01
  -2.9419182849104594e+01   7.6332231045493550e+00  -2.0068827425629021e+01
  -2.9788739648040064e+01   7.6944235995543302e+00  -2.0033673504811226e+01
  -3.0160570940545618e+01   7.7471355689942385e+00  -2.0010947647983382e+01
  -3.0534157150001100e+01   7.7903388042121797e+00  -1.9999977189991917e+01
  -3.0908965343808667e+01   7.8230854637602114e+00  -2.0000000000000011e+01
  -3.1284453289331758e+01   7.8445072870450936e+00  -2.0010170281763450e+01
  -3.1660073580612782e+01   7.8538222023156692e+00  -2.0029565010650753e+01
  -3.2035277804462993e+01   7.8503402787011254e+00  -2.0057190958417948e+01
  -3.2409520714218097e+01   7.8334689770015018e+00  -2.0091992252275244e+01
  -3.2782264379394448e+01   7.8027176592687972e+00  -2.0132858410716523e+01
  -3.3152982279664947e+01   7.7577013228580025e+00  -2.0178632794954090e+01
  -3.3521163311996617e+01   7.6981435305297072e+00  -2.0228121411638302e+01
  -3.3886315680453279e+01   7.6238785143043977e+00  -2.0280101999867870e+01
  -3.4247970639059623e+01   7.5348524370568875e+00  -2.0333333333333343e+01
  -3.4605686059241080e+01   7.4311238022493384e+00  -2.0386564666798819e+01
  -3.4959049794689264e+01   7.3128630086845874e+00  -2.0438545255028380e+01
  -3.5307682818044213e+01   7.1803510536683763e+00  -2.0488033871712595e+01
  -3.5651242105521483e+01   7.0339773944501829e+00  -2.0533808255950166e+01
  -3.5989423247530283e+01   6.8742369842183741e+00  -2.0574674414391442e+01
  -3.6321962765414220e+01   6.7017265052076098e+00  -2.0609475708248741e+01
  -3.6648640116683012e+01   6.5171398275867283e+00  -2.0637101656015936e+01
  -3.6969279373474009e+01   6.3212627286877971e+00  -2.0656496384903239e+01
  -3.7283750561469375e+01   6.1149669127661692e+00  -2.0666666666666679e+01
  -3.7591970649079293e+01   5.8992033768047012e+00  -2.0666689476674772e+01
  -3.7893904179362288e+01   5.6749951728525598e+00  -2.0655719018683307e+01
  -3.8189563539874150e+01   5.4434296219813074e+00  -2.0632993161855463e+01
  -3.8479008868391034e+01   5.2056500391150884e+00  -2.0597839241037672e+01
  -3.8762347595224725e+01   4.9628470317136291e+00  -2.0549679176147588e+01
  -3.9039733625613081e+01   4.7162494385306282e+00  -2.0488033871712599e+01
  -3.9311366168408256e+01   4.4671149774087819e+00  -2.0412526863075620e+01
  -3.9577488219977027e+01   4.2167206732876288e+00  -2.0322887181518478e+01
  -3.9838384714851721e+01   3.9663531392726519e+00  -2.0218951416497472e+01
  -4.0094380357206411e+01   3.7172987847326233e+00  -2.0100664959296253e+01
  -4.0345837149662017e+01   3.4708340249476421e+00  -1.9968082418631173e+01
  -4.0593151638227873e+01   3.2282155668180472e+00  -1.9821367205045938e+01
  -4.0836751894347110e+01   2.9906708445661110e+00  -1.9660790287258703e+01
  -4.1077094257014430e+01   2.7593886782205104e+00  -1.9486728129926565e+01
  -4.1314659859760944e+01   2.5355102259780011e+00  -1.9299659828522131e+01
  -4.1549950968937353e+01   2.3201202993005730e+00  -1.9100163463127760e+01
  -4.1783487161163855e+01   2.1142391068451012e+00  -1.8888911698897001e+01
  -4.2015801369038257e+01   1.9188144900595354e+00  -1.8666666666666679e+01
  -4.2247435825197144e+01   1.7347147095371263e+00  -1.8434274162681021e+01
  -4.2478937935598097e+01   1.5627218370290201e+00  -1.8192657211571490e+01
  -4.2710856113429848e+01   1.4035258034060369e+00  -1.7942809041582080e+01
  -4.2943735605356707e+01   1.2577191478681335e+00  -1.7685785525502556e+01
  -4.3178114341862326e+01   1.1257925083633147e+00  -1.7422697144839063e+01
  -4.3414518843273804e+01   1.0081308875365771e+00  -1.7154700538379263e+01
  -4.3653460212624104e+01   9.0501072262734539e-01  -1.6882989699472837e+01
  -4.3895430245849433e+01   8.1659778161512264e-01  -1.6608786889021044e+01
  -4.4140897688925051e+01   7.4294590162510588e-01  -1.6333333333333343e+01
  -4.4390304670425564e+01   6.8399657919512791e-01  -1.6057879777645653e+01
  -4.4644063336659357e+01   6.3957941552235198e-01  -1.5783676967193859e+01
  -4.4902552714986385e+01   6.0941341330103072e-01  -1.5511966128287430e+01
  -4.5166115829191071e+01   5.9310911528169896e-01  -1.5243969521827641e+01
  -4.5435057088864255e+01   5.9017156827598072e-01  -1.4980881141164140e+01
  -4.5709639972662288e+01   6.0000409004921451e-01  -1.4723857625084626e+01
  -4.5990085023075466e+01   6.2191281043256552e-01  -1.4474009455095203e+01
  -4.6276568167966460e+01   6.5511195209396789e-01  -1.4232392503985672e+01
  -4.6569219381653056e+01   6.9872981077807239e-01  -1.4000000000000014e+01
  -4.6868121695725122e+01   7.5181538950200988e-01  -1.3777754967769702e+01
  -4.7173310567124091e+01   8.1334563621662781e-01  -1.3566503203538947e+01
  -4.7484773608294219e+01   8.8223322985034613e-01  -1.3367006838144562e+01
  -4.7802450681459291e+01   9.5733485547903996e-01  -1.3179938536740135e+01
  -4.8126234356307577e+01   1.0374599056429652e+00  -1.3005876379407990e+01
  -4.8455970727601169e+01   1.1213795415884498e+00  -1.2845299461620769e+01
  -4.8791460586487986e+01   1.2078360454727637e+00  -1.2698584248035520e+01
  -4.9132460936601191e+01   1.2955523923563810e+00  -1.2566001707370432e+01
  -4.9478686843408482e+01   1.3832419691338345e+00  -1.2447715250169221e+01
  -4.9829813602735769e+01   1.4696183664363289e+00  -1.2343779485148211e+01
  -5.0185479211962132e+01   1.5534051689837831e+00  -1.2254139803591073e+01
  -5.0545287125078218e+01   1.6333456698758653e+00  -1.2178632794954098e+01
  -5.0908809270640972e+01   1.7082124348902639e+00  -1.2116987490519104e+01
  -5.1275589309655601e+01   1.7768166439983375e+00  -1.2068827425629024e+01
  -5.1645146108591092e+01   1.8380171390033126e+00  -1.2033673504811230e+01
  -5.2016977401096625e+01   1.8907291084432174e+00  -1.2010947647983382e+01
  -5.2390563610552107e+01   1.9339323436611622e+00  -1.1999977189991920e+01
  -5.2765371804359688e+01   1.9666790032091974e+00  -1.2000000000000018e+01
  -5.3140859749882779e+01   1.9881008264940796e+00  -1.2010170281763454e+01
  -5.3516480041163788e+01   1.9974157417646516e+00  -1.2029565010650757e+01
  -5.3891684265014021e+01   1.9939338181501078e+00  -1.2057190958417948e+01
  -5.4265927174769118e+01   1.9770625164504843e+00  -1.2091992252275254e+01
  -5.4638670839945476e+01   1.9463111987177797e+00  -1.2132858410716526e+01
  -5.5009388740215968e+01   1.9012948623069832e+00  -1.2178632794954098e+01
  -5.5377569772547631e+01   1.8417370699786915e+00  -1.2228121411638305e+01
  -5.5742722141004307e+01   1.7674720537533801e+00  -1.2280101999867870e+01
  -5.6104377099610645e+01   1.6784459765058699e+00  -1.2333333333333353e+01
  -5.6462092519792108e+01   1.5747173416983209e+00  -1.2386564666798822e+01
  -5.6815456255240292e+01   1.4564565481335663e+00  -1.2438545255028387e+01
  -5.7164089278595242e+01   1.3239445931173606e+00  -1.2488033871712599e+01
  -5.7507648566072504e+01   1.1775709338991689e+00  -1.2533808255950170e+01
  -5.7845829708081297e+01   1.0178305236673602e+00  -1.2574674414391446e+01
  -5.8178369225965227e+01   8.4532004465659938e-01  -1.2609475708248745e+01
  -5.8505046577234040e+01   6.6073336703571428e-01  -1.2637101656015940e+01
  -5.8825685834025023e+01   4.6485626813678138e-01  -1.2656496384903242e+01
  -5.9140157022020404e+01   2.5856045221514989e-01  -1.2666666666666682e+01
  -5.9448377109630300e+01   4.2796916253685424e-02  -1.2666689476674776e+01
  -5.9750310639913295e+01  -1.8141128769845238e-01  -1.2655719018683314e+01
  -6.0045970000425157e+01  -4.1297683856970835e-01  -1.2632993161855470e+01
  -6.0335415328942048e+01  -6.5075642143592916e-01  -1.2597839241037676e+01
  -6.0618754055775753e+01  -8.9355942883738848e-01  -1.2549679176147592e+01
  -6.0896140086164095e+01  -1.1401570220203858e+00  -1.2488033871712606e+01
  -6.1167772628959270e+01  -1.3892914831422338e+00  -1.2412526863075627e+01
  -6.1433894680528056e+01  -1.6396857872633852e+00  -1.2322887181518485e+01
  -6.1694791175402727e+01  -1.8900533212783657e+00  -1.2218951416497475e+01
  -6.1950786817757432e+01  -2.1391076758183942e+00  -1.2100664959296260e+01
  -6.2202243610213017e+01  -2.3855724356033718e+00  -1.1968082418631184e+01
  -6.2449558098778894e+01  -2.6281908937329703e+00  -1.1821367205045942e+01
  -6.2693158354898117e+01  -2.8657356159849066e+00  -1.1660790287258706e+01
  -6.2933500717565451e+01  -3.0970177823305072e+00  -1.1486728129926568e+01
  -6.3171066320311951e+01  -3.3208962345730129e+00  -1.1299659828522135e+01
  -6.3406357429488381e+01  -3.5362861612504446e+00  -1.1100163463127764e+01
  -6.3639893621714876e+01  -3.7421673537059164e+00  -1.0888911698897004e+01
  -6.3872207829589271e+01  -3.9375919704914821e+00  -1.0666666666666682e+01
  -6.4103842285748158e+01  -4.1216917510138913e+00  -1.0434274162681024e+01
  -6.4335344396149125e+01  -4.2936846235219974e+00  -1.0192657211571493e+01
  -6.4567262573980869e+01  -4.4528806571449771e+00  -9.9428090415820840e+00
  -6.4800142065907721e+01  -4.5986873126828804e+00  -9.6857855255025598e+00
  -6.5034520802413354e+01  -4.7306139521877029e+00  -9.4226971448390699e+00
  -6.5270925303824825e+01  -4.8482755730144405e+00  -9.1547005383792701e+00
  -6.5509866673175139e+01  -4.9513957379236722e+00  -8.8829896994728408e+00
  -6.5751836706400439e+01  -5.0398086789358949e+00  -8.6087868890210473e+00
  -6.5997304149476079e+01  -5.1134605589259081e+00  -8.3333333333333464e+00
  -6.6246711130976578e+01  -5.1724098813558861e+00  -8.0578797776456597e+00
  -6.6500469797210386e+01  -5.2168270450286656e+00  -7.7836769671938626e+00
  -6.6758959175537399e+01  -5.2469930472499868e+00  -7.5119661282874333e+00
  -6.7022522289742113e+01  -5.2632973452693186e+00  -7.2439695218276370e+00
  -6.7291463549415269e+01  -5.2662348922750368e+00  -6.9808811411641472e+00
  -6.7566046433213316e+01  -5.2564023705018030e+00  -6.7238576250846194e+00
  -6.7846491483626480e+01  -5.2344936501184485e+00  -6.4740094550952136e+00
  -6.8132974628517488e+01  -5.2012945084570497e+00  -6.2323925039856789e+00
  -6.8425625842204070e+01  -5.1576766497729452e+00  -6.0000000000000213e+00
  -6.8724528156276136e+01  -5.1045910710490077e+00  -5.7777549677697024e+00
  -6.9029717027675105e+01  -5.0430608243343933e+00  -5.5665032035389501e+00
  -6.9341180068845233e+01  -4.9741732307006714e+00  -5.3670068381445688e+00
  -6.9658857142010319e+01  -4.8990716050719740e+00  -5.1799385367401385e+00
  -6.9982640816858591e+01  -4.8189465549080488e+00  -5.0058763794079937e+00
  -7.0312377188152198e+01  -4.7350269189625678e+00  -4.8452994616207690e+00
  -7.0647867047039000e+01  -4.6485704150782574e+00  -4.6985842480355302e+00
  -7.0988867397152205e+01  -4.5608540681946366e+00  -4.5660017073704395e+00
  -7.1335093303959468e+01  -4.4731644914171866e+00  -4.4477152501692316e+00
  -7.1686220063286783e+01  -4.3867880941146886e+00  -4.3437794851482110e+00
  -7.2041885672513118e+01  -4.3030012915672309e+00  -4.2541398035910802e+00
  -7.2401693585629246e+01  -4.2230607906751523e+00  -4.1786327949541047e+00
  -7.2765215731192001e+01  -4.1481940256607501e+00  -4.1169874905191080e+00
  -7.3131995770206629e+01  -4.0795898165526800e+00  -4.0688274256290313e+00
  -7.3501552569142120e+01  -4.0183893215477049e+00  -4.0336735048112260e+00
  -7.3873383861647639e+01  -3.9656773521077966e+00  -4.0109476479833930e+00
  -7.4246970071103121e+01  -3.9224741168898518e+00  -3.9999771899919239e+00
  -7.4621778264910688e+01  -3.8897274573418201e+00  -4.0000000000000213e+00
  -7.4997266210433779e+01  -3.8683056340569379e+00  -4.0101702817634575e+00
  -7.5372886501714802e+01  -3.8589907187863659e+00  -4.0295650106507566e+00
  -7.5748090725565035e+01  -3.8624726424009097e+00  -4.0571909584179551e+00
  -7.6122333635320146e+01  -3.8793439441005333e+00  -4.0919922522752543e+00
  -7.6495077300496476e+01  -3.9100952618332343e+00  -4.1328584107165298e+00
  -7.6865795200766996e+01  -3.9551115982440308e+00  -4.1786327949540976e+00
  -7.7233976233098645e+01  -4.0146693905723261e+00  -4.2281214116383126e+00
  -7.7599128601555336e+01  -4.0889344067976374e+00  -4.2801019998678811e+00
  -7.7960783560161644e+01  -4.1779604840451441e+00  -4.3333333333333499e+00
  -7.8318498980343122e+01  -4.2816891188526967e+00  -4.3865646667988258e+00
  -7.8671862715791278e+01  -4.3999499124174442e+00  -4.4385452550283944e+00
  -7.9020495739146256e+01  -4.5324618674336534e+00  -4.4880338717126023e+00
  -7.9364055026623532e+01  -4.6788355266518558e+00  -4.5338082559501771e+00
  -7.9702236168632311e+01  -4.8385759368836574e+00  -4.5746744143914526e+00
  -8.0034775686516255e+01  -5.0110864158944253e+00  -4.6094757082487519e+00
  -8.0361453037785054e+01  -5.1956730935153033e+00  -4.6371016560159433e+00
  -8.0682092294576037e+01  -5.3915501924142362e+00  -4.6564963849032495e+00
  -8.0996563482571418e+01  -5.5978460083358641e+00  -4.6666666666666856e+00
  -8.1304783570181328e+01  -5.8136095442973286e+00  -4.6666894766747831e+00
  -8.1606717100464309e+01  -6.0378177482494699e+00  -4.6557190186833211e+00
  -8.1902376460976186e+01  -6.2693832991207259e+00  -4.6329931618554738e+00
  -8.2191821789493076e+01  -6.5071628819869538e+00  -4.5978392410376756e+00
  -8.2475160516326781e+01  -6.7499658893884060e+00  -4.5496791761475990e+00
  -8.2752546546715124e+01  -6.9965634825714140e+00  -4.4880338717126023e+00
  -8.3024179089510298e+01  -7.2456979436932478e+00  -4.4125268630756267e+00
  -8.3290301141079070e+01  -7.4960922478144028e+00  -4.3228871815184888e+00
  -8.3551197635953756e+01  -7.7464597818293726e+00  -4.2189514164974824e+00
  -8.3807193278308446e+01  -7.9955141363694082e+00  -4.1006649592962674e+00
  -8.4058650070764031e+01  -8.2419788961543787e+00  -3.9680824186311980e+00
  -8.4305964559329908e+01  -8.4845973542839879e+00  -3.8213672050459451e+00
  -8.4549564815449159e+01  -8.7221420765359312e+00  -3.6607902872587061e+00
  -8.4789907178116465e+01  -8.9534242428815212e+00  -3.4867281299265684e+00
  -8.5027472780862993e+01  -9.1773026951240375e+00  -3.2996598285221381e+00
  -8.5262763890039380e+01  -9.3926926218014586e+00  -3.1001634631277710e+00
  -8.5496300082265890e+01  -9.5985738142569339e+00  -2.8889116988970116e+00
  -8.5728614290140285e+01  -9.7939984310424926e+00  -2.6666666666666927e+00
  -8.5960248746299186e+01  -9.9780982115649053e+00  -2.4342741626810280e+00
  -8.6191750856700125e+01  -1.0150091084073004e+01  -2.1926572115715146e+00
  -8.6423669034531869e+01  -1.0309287117695991e+01  -1.9428090415820947e+00
  -8.6656548526458735e+01  -1.0455093773233898e+01  -1.6857855255025669e+00
  -8.6890927262964368e+01  -1.0587020412738720e+01  -1.4226971448390699e+00
  -8.7127331764375839e+01  -1.0704682033565458e+01  -1.1547005383792737e+00
  -8.7366273133726153e+01  -1.0807802198474690e+01  -8.8298969947284434e-01
  -8.7608243166951453e+01  -1.0896215139486905e+01  -6.0878688902105438e-01
  -8.7853710610027079e+01  -1.0969867019476922e+01  -3.3333333333336412e-01
  -8.8103117591527607e+01  -1.1028816341906904e+01  -5.7879777645659658e-02
  -8.8356876257761400e+01  -1.1073233505579683e+01   2.1632303280612319e-01
   3.5527136788005009e-15   1.4641016151377542e+01   2.8000000000000007e+01
  -6.0761519014651455e-01   1.4984788285575831e+01   2.6803229430671809e+01
  -1.2211374885643664e+00   1.5317903714357072e+01   2.5632283861170134e+01
  -1.8403800104181265e+00   1.5640260967534715e+01   2.4488589908301080e+01
  -2.4651541284369003e+00   1.5951761851966680e+01   2.3373540986973669e+01
  -3.0952695303720219e+00   1.6252311481465995e+01   2.2288495612538426e+01
  -3.7305342769679868e+00   1.6541818305704034e+01   2.1234775745645685e+01
  -4.3707548604290523e+00   1.6820194138097612e+01   2.0213665181640106e+01
  -5.0157362633635127e+00   1.7087354182671490e+01   1.9226407986453960e+01
  -5.6652820181879946e+00   1.7343217059888069e+01   1.8274206980904225e+01
  -6.3191942669732466e+00   1.7587704831436334e+01   1.7358222275240884e+01
  -6.9772738217137302e+00   1.7820743023972668e+01   1.6479569855731125e+01
  -7.6393202250021019e+00   1.8042260651806139e+01   1.5639320225002109e+01
  -8.3051318110905292e+00   1.8252190238521415e+01   1.4838497097798339e+01
  -8.9745057673200339e+00   1.8450467837532756e+01   1.4078076153742963e+01
  -9.6472381958991704e+00   1.8637033051562732e+01   1.3358983848622451e+01
  -1.0323124176013293e+01   1.8811829051039858e+01   1.2682096285642920e+01
  -1.1001957826245395e+01   1.8974802591409407e+01   1.2048238148033327e+01
  -1.1683532367289631e+01   1.9125904029352228e+01   1.1458181694295959e+01
  -1.2367640184938203e+01   1.9265087337906557e+01   1.0912645817328510e+01
  -1.3054072893322783e+01   1.9392310120488318e+01   1.0412295168563666e+01
  -1.3742621398390764e+01   1.9507533623805514e+01   9.9577393481938614e+00
  -1.4433075961597382e+01   1.9610722749662813e+01   9.5495321624672442e+00
  -1.5125226263794101e+01   1.9701846065652880e+01   9.1881709489601420e+00
  -1.5818861469293861e+01   1.9780875814730933e+01   8.8740959706477724e+00
  -1.6513770290093667e+01   1.9847787923669820e+01   8.6076898795116819e+00
  -1.7209741050234989e+01   1.9902562010392970e+01   8.3892772503371873e+00
  -1.7906561750282240e+01   1.9945181390182952e+01   8.2191241852690666e+00
  -1.8604020131899958e+01   1.9975633080763828e+01   8.0974379896070303e+00
  -1.9301903742508657e+01   1.9993907806255649e+01   8.0243669192361722e+00
  -1.9999999999999996e+01   2.0000000000000000e+01   8.0000000000000000e+00
  -2.0698096257491340e+01   1.9993907806255649e+01   8.0243669192361722e+00
  -2.1395979868100028e+01   1.9975633080763828e+01   8.0974379896070303e+00
  -2.2093438249717753e+01   1.9945181390182952e+01   8.2191241852690666e+00
  -2.2790258949765011e+01   1.9902562010392970e+01   8.3892772503371873e+00
  -2.3486229709906329e+01   1.9847787923669820e+01   8.6076898795116819e+00
  -2.4181138530706132e+01   1.9780875814730933e+01   8.8740959706477724e+00
  -2.4874773736205896e+01   1.9701846065652887e+01   9.1881709489601420e+00
  -2.5566924038402604e+01   1.9610722749662813e+01   9.5495321624672371e+00
  -2.6257378601609240e+01   1.9507533623805507e+01   9.9577393481938614e+00
  -2.6945927106677210e+01   1.9392310120488318e+01   1.0412295168563659e+01
  -2.7632359815061793e+01   1.9265087337906557e+01   1.0912645817328503e+01
  -2.8316467632710363e+01   1.9125904029352228e+01   1.1458181694295959e+01
  -2.8998042173754591e+01   1.8974802591409407e+01   1.2048238148033313e+01
  -2.9676875823986702e+01   1.8811829051039858e+01   1.2682096285642913e+01
  -3.0352761804100833e+01   1.8637033051562732e+01   1.3358983848622458e+01
  -3.1025494232679961e+01   1.8450467837532756e+01   1.4078076153742956e+01
  -3.1694868188909467e+01   1.8252190238521422e+01   1.4838497097798324e+01
  -3.2360679774997891e+01   1.8042260651806146e+01   1.5639320225002095e+01
  -3.3022726178286256e+01   1.7820743023972675e+01   1.6479569855731111e+01
  -3.3680805733026745e+01   1.7587704831436341e+01   1.7358222275240880e+01
  -3.4334717981812013e+01   1.7343217059888069e+01   1.8274206980904232e+01
  -3.4984263736636478e+01   1.7087354182671497e+01   1.9226407986453957e+01
  -3.5629245139570941e+01   1.6820194138097612e+01   2.0213665181640096e+01
  -3.6269465723031999e+01   1.6541818305704041e+01   2.1234775745645663e+01
  -3.6904730469627978e+01   1.6252311481466002e+01   2.2288495612538419e+01
  -3.7534845871563100e+01   1.5951761851966680e+01   2.3373540986973676e+01
  -3.8159619989581870e+01   1.5640260967534715e+01   2.4488589908301069e+01
  -3.8778862511435619e+01   1.5317903714357087e+01   2.5632283861170109e+01
  -3.9392384809853482e+01   1.4984788285575831e+01   2.6803229430671799e+01
   1.9999999999999996e+01  -2.0000000000000000e+01  -5.3290705182007514e-15
   2.0226606868042964e+01  -1.9758163575466771e+01   1.1025780108461269e-01
   2.0440964651353447e+01  -1.9498132894224952e+01   2.0830628789304839e-01
   2.0643019182422051e+01  -1.9220009420034884e+01   2.9413784980228108e-01
   2.0832727444996458e+01  -1.8923914935031430e+01   3.6776340471744540e-01
   2.1010057564606765e+01  -1.8609991457472304e+01   4.2921235059054830e-01
   2.1174988786704390e+01  -1.8278401135337184e+01   4.7853249332478498e-01
   2.1327511442459567e+01  -1.7929326115886802e+01   5.1578995116330439e-01
   2.1467626902277267e+01  -1.7562968391320517e+01   5.4106903569041265e-01
   2.1595347517105935e+01  -1.7179549620699888e+01   5.5447210960174331e-01
   2.1710696547627897e+01  -1.6779310928334432e+01   5.5611942142887116e-01
   2.1813708081434697e+01  -1.6362512678854330e+01   5.4614891743194072e-01
   2.1904426938304869e+01  -1.5929434229223260e+01   5.2471603090232755e-01
   2.1982908563715778e+01  -1.5480373657972264e+01   4.9199344914485366e-01
   2.2049218910735032e+01  -1.5015647471963435e+01   4.4817085843685511e-01
   2.2103434310450776e+01  -1.4535590291019364e+01   3.9345466728840783e-01
   2.2145641331113744e+01  -1.4040554510781153e+01   3.2806770835475163e-01
   2.2175936626177240e+01  -1.3530909944184305e+01   2.5224891937832439e-01
   2.2194426771434326e+01  -1.3007043441967692e+01   1.6625300356356654e-01
   2.2201228091464458e+01  -1.2469358492656315e+01   7.0350069813109428e-02
   2.2196466475614212e+01  -1.1918274802483516e+01  -3.5174746721287065e-02
   2.2180277183749318e+01  -1.1354227855742600e+01  -1.5002168329543508e-01
   2.2152804642026997e+01  -1.0777668456081773e+01  -2.7387676693574114e-01
   2.2114202228949502e+01  -1.0189062249279253e+01  -4.0641224998408454e-01
   2.2064632051971067e+01  -9.5888892280581146e+00  -5.4728706327790277e-01
   2.2004264714941584e+01  -8.9776432195222000e+00  -6.9614728639681367e-01
   2.1933279076680979e+01  -8.3558313558155266e+00  -8.5262663438627051e-01
   2.1851862000988682e+01  -7.7239735286281404e+00  -1.0163469603482875e+00
   2.1760208098402551e+01  -7.0826018281909269e+00  -1.1869187732698014e+00
   2.1658519460031137e+01  -6.4322599674208778e+00  -1.3639417704403005e+00
   2.1547005383792516e+01  -5.7735026918962626e+00  -1.5470053837925200e+00
   2.1425882093401494e+01  -5.1068951763585737e+00  -1.7356893394825956e+00
   2.1295372450455591e+01  -4.4330124084544762e+00  -1.9295642300099507e+00
   2.1155705659978015e+01  -3.7524385604464738e+00  -2.1281920981614730e+00
   2.1007116969783258e+01  -3.0657663496358198e+00  -2.3311270320500856e+00
   2.0849847364038297e+01  -2.3735963882549180e+00  -2.5379157705040010e+00
   2.0684143251398591e+01  -1.6765365235993093e+00  -2.7480983180501823e+00
   2.0510256148104542e+01  -9.7520116918129851e-01  -2.9612085687235949e+00
   2.0328442356429520e+01  -2.7021062769827253e-01  -3.1767749379230033e+00
   2.0138962638875839e+01   4.3780959338123671e-01  -3.3943210015239065e+00
   1.9942081888519766e+01   1.1482294728015963e+00  -3.6133661414503737e+00
   1.9738068795910827e+01   1.8604151722540754e+00  -3.8334261968993748e+00
   1.9527195512934387e+01   2.5737297380334341e+00  -4.0540141204041564e+00
   1.9309737314049752e+01   3.2875338067838391e+00  -4.2746406379172806e+00
   1.9085972255318648e+01   4.0011863144956070e+00  -4.4948149120886880e+00
   1.8856180831641268e+01   4.7140452079103126e+00  -4.7140452079103188e+00
   1.8620645632618636e+01   5.4254681574887060e+00  -4.9318395598956357e+00
   1.8379650997461415e+01   6.1348132710939511e+00  -5.1477064399605164e+00
   1.8133482669365673e+01   6.8414398075415743e+00  -5.3611554251708622e+00
   1.7882427449776625e+01   7.5447088891677776e+00  -5.5716978645224877e+00
   1.7626772852960698e+01   8.2439842125685132e+00  -5.7788475439197429e+00
   1.7366806761305718e+01   8.9386327566641484e+00  -5.9821213485214848e+00
   1.7102817081767284e+01   9.6280254872474700e+00  -6.1810399216261986e+00
   1.6835091403877886e+01   1.0311538057176900e+01  -6.3751283192720143e+00
   1.6563916659732627e+01   1.0988551501382108e+01  -6.5639166597326239e+00
   1.6289578786362711e+01   1.1658452925855165e+01  -6.7469407670962527e+00
   1.6012362390904432e+01   1.2320636189807738e+01  -6.9237428081218386e+00
   1.5732550418967346e+01   1.2974502580182804e+01  -7.0938719215748707e+00
   1.5450423826601231e+01   1.3619461477718680e+01  -7.2568848392542575e+00
   1.5166261256256284e+01   1.4254931013773005e+01  -7.4123464979318499e+00
   1.4880338717125849e+01   1.4880338717125841e+01  -7.5598306414370748e+00
   1.4592929270255075e+01   1.5495122149992426e+01  -7.6989204121312529e+00
   1.4304302718792593e+01   1.6098729532489706e+01  -7.8292089310289867e+00
   1.4014725303755711e+01   1.6690620354814232e+01  -7.9502998658378115e+00
   1.3724459405672206e+01   1.7270265976403820e+01  -8.0618079862020302e+00
   1.3433763252454396e+01   1.7837150211371188e+01  -8.1633597054521836e+00
   1.3142890633852964e+01   1.8390769899514112e+01  -8.2545936081781015e+00
   1.2852090622829536e+01   1.8930635462224011e+01  -8.3351609629606784e+00
   1.2561607304178319e+01   1.9456271442633096e+01  -8.4047262196155934e+00
   1.2271679510717396e+01   1.9967217029359276e+01  -8.4629674903212475e+00
   1.1982540567361177e+01   2.0463026563227359e+01  -8.5095770140225682e+00
   1.1694418043374835e+01   2.0943270026366136e+01  -8.5442616035229353e+00
   1.1407533513101695e+01   2.1407533513101690e+01  -8.5667430746975715e+00
   1.1122102325443352e+01   2.1855419682089448e+01  -8.5767586572834738e+00
   1.0838333382361402e+01   2.2286548189149933e+01  -8.5740613867235407e+00
   1.0556428926658263e+01   2.2700556100296623e+01  -8.5584204765656704e+00
   1.0276584339282678e+01   2.3097098284467862e+01  -8.5296216709412853e+00
   9.9989879463935605e+00   2.3475847785499589e+01  -8.4874675766721879e+00
   9.7238208364035259e+00   2.3836496172900361e+01  -8.4317779745794290e+00
   9.4512566872108703e+00   2.4178753871015715e+01  -8.3623901095933348e+00
   9.1814616038157908e+00   2.4502350466195345e+01  -8.2791589592897950e+00
   8.9145939665038956e+00   2.4807034991602343e+01  -8.1819574805042041e+00
   8.6508042897663522e+00   2.5092576189331417e+01  -8.0706768337013202e+00
   8.3902350921129525e+00   2.5358762749529927e+01  -7.9452265848064361e+00
   8.1330207769203202e+00   2.5605403526243361e+01  -7.8055348842309638e+00
   7.8792875244439990e+00   2.5832327729734988e+01  -7.6515486228532446e+00
   7.6291531951088603e+00   2.6039385095057757e+01  -7.4832335647437773e+00
   7.3827272441784171e+00   2.6226446026684997e+01  -7.3005744564524022e+00
   7.1401106478891290e+00   2.6393401719035591e+01  -7.1035751127036963e+00
   6.9013958411216949e+00   2.6540164252757933e+01  -6.8922584783757799e+00
   6.6666666666666696e+00   2.6666666666666664e+01  -6.6666666666666652e+00
   6.4359983361274677e+00   2.6772863005255047e+01  -6.4268609733815527e+00
   6.2094574024891056e+00   2.6858728341735603e+01  -6.1729218673036721e+00
   5.9871017443665799e+00   2.6924258776590918e+01  -5.9049489566405651e+00
   5.7689805619321861e+00   2.6969471411646094e+01  -5.6230609315671023e+00
   5.5551343845064451e+00   2.6994404299703767e+01  -5.3273954829156889e+00
   5.3455950897828970e+00   2.6999116369812072e+01  -5.0181091970935405e+00
   5.1403859346423566e+00   2.6983687328265230e+01  -4.6953774273358366e+00
   4.9395215974979445e+00   2.6948217535465623e+01  -4.3593941414329151e+00
   4.7430082320977345e+00   2.6892827858805418e+01  -4.0103717460980448e+00
   4.5508435326976482e+00   2.6817659501754420e+01  -3.6485408881716523e+00
   4.3630168105030069e+00   2.6722873809369649e+01  -3.2741502328854715e+00
   4.1795090812632818e+00   2.6608652050470482e+01  -2.8874662194391831e+00
   4.0002931638904924e+00   2.6475195176751129e+01  -2.4887727941691278e+00
   3.8253337899582061e+00   2.6322723559130097e+01  -2.0783711216168168e+00
   3.6545877239243776e+00   2.6151476701663562e+01  -1.6565792738317793e+00
   3.4880038939080924e+00   2.5961712933376592e+01  -1.2237318982702323e+00
   3.3255235328370416e+00   2.5753709078392610e+01  -7.8017986467716405e-01
   3.1670803297697701e+00   2.5527760104767665e+01  -3.2628989136564357e-01
   3.0126005911839915e+00   2.5284178752461564e+01   1.3755584866790294e-01
   2.8620034120100142e+00   2.5023295140902942e+01   6.1096014132860255e-01
   2.7152008561760610e+00   2.4745456356629944e+01   1.0935111642200965e+00
   2.5720981464206680e+00   2.4451026021511922e+01   1.5847829381420659e+00
   2.4325938631155744e+00   2.4140383842080993e+01   2.0843357967532832e+00
   2.2965801518316269e+00   2.3813925140524791e+01   2.5917168738432323e+00
   2.1639429393690817e+00   2.3472060367913855e+01   3.1064606076331334e+00
   2.0345621579634763e+00   2.3115214600258184e+01   3.6280892615067089e+00
   1.9083119773677977e+00   2.2743827018008190e+01   4.1561134605500998e+00
   1.7850610445021764e+00   2.2358350369634927e+01   4.6900327432614271e+00
   1.6646727303527520e+00   2.1959250419943590e+01   5.2293361277710684e+00
   1.5470053837925195e+00   2.1547005383792520e+01   5.7735026918962511e+00
   1.4319125919881728e+00   2.1122105345907070e+01   6.3220021663362651e+00
   1.3192434470491028e+00   2.0685051667494747e+01   6.8742955402978696e+00
   1.2088428185666276e+00   2.0236356380383164e+01   7.4298356788258557e+00
   1.1005516316845223e+00   1.9776541569417695e+01   7.9880679510980706e+00
   9.9420715033482310e-01   1.9306138743869123e+01   8.5484308689316357e+00
   8.8964326526667925e-01   1.8825688198615087e+01   9.1103567347333243e+00
   7.8669078648993507e-01   1.8335738365870874e+01   9.6732722981159469e+00
   6.8517773974973384e-01   1.7836845158256249e+01   1.0236599420391354e+01
   5.8492966664338719e-01   1.7329571303995323e+01   1.0799755746140841e+01
   4.8576992798631502e-01   1.6814485675055703e+01   1.1362155381054642e+01
   3.8752001002976333e-01   1.6292162609041220e+01   1.1923209575224366e+01
   2.8999983312946309e-01   1.5763181225659698e+01   1.2482327411065347e+01
   1.9302806246146154e-01   1.5228124738593934e+01   1.3038916495039441e+01
   9.6422420378714402e-02   1.4687579763608669e+01   1.3592383652344296e+01
   4.1044641643783741e-15   1.4142135623730949e+01   1.4142135623730949e+01
  -9.6422420378707963e-02   1.3592383652344299e+01   1.4687579763608669e+01
  -1.9302806246145332e-01   1.3038916495039444e+01   1.5228124738593932e+01
  -2.8999983312945488e-01   1.2482327411065350e+01   1.5763181225659697e+01
  -3.8752001002975689e-01   1.1923209575224369e+01   1.6292162609041217e+01
  -4.8576992798630858e-01   1.1362155381054645e+01   1.6814485675055703e+01
  -5.8492966664338075e-01   1.0799755746140843e+01   1.7329571303995319e+01
  -6.8517773974972718e-01   1.0236599420391356e+01   1.7836845158256246e+01
  -7.8669078648992530e-01   9.6732722981159487e+00   1.8335738365870871e+01
  -8.8964326526666770e-01   9.1103567347333261e+00   1.8825688198615079e+01
  -9.9420715033481599e-01   8.5484308689316357e+00   1.9306138743869120e+01
  -1.1005516316845112e+00   7.9880679510980732e+00   1.9776541569417692e+01
  -1.2088428185666205e+00   7.4298356788258575e+00   2.0236356380383164e+01
  -1.3192434470490961e+00   6.8742955402978705e+00   2.0685051667494744e+01
  -1.4319125919881648e+00   6.3220021663362660e+00   2.1122105345907062e+01
  -1.5470053837925146e+00   5.7735026918962538e+00   2.1547005383792516e+01
  -1.6646727303527475e+00   5.2293361277710684e+00   2.1959250419943587e+01
  -1.7850610445021684e+00   4.6900327432614262e+00   2.2358350369634923e+01
  -1.9083119773677919e+00   4.1561134605501024e+00   2.2743827018008190e+01
  -2.0345621579634665e+00   3.6280892615067071e+00   2.3115214600258177e+01
  -2.1639429393690728e+00   3.1064606076331334e+00   2.3472060367913851e+01
  -2.2965801518316198e+00   2.5917168738432252e+00   2.3813925140524791e+01
  -2.4325938631155690e+00   2.0843357967532867e+00   2.4140383842080993e+01
  -2.5720981464206574e+00   1.5847829381420624e+00   2.4451026021511922e+01
  -2.7152008561760503e+00   1.0935111642201001e+00   2.4745456356629937e+01
  -2.8620034120100044e+00   6.1096014132860077e-01   2.5023295140902938e+01
  -3.0126005911839862e+00   1.3755584866790294e-01   2.5284178752461560e+01
  -3.1670803297697621e+00  -3.2628989136564179e-01   2.5527760104767658e+01
  -3.3255235328370327e+00  -7.8017986467715694e-01   2.5753709078392603e+01
  -3.4880038939080862e+00  -1.2237318982702323e+00   2.5961712933376592e+01
  -3.6545877239243696e+00  -1.6565792738317793e+00   2.6151476701663558e+01
  -3.8253337899582007e+00  -2.0783711216168150e+00   2.6322723559130093e+01
  -4.0002931638904844e+00  -2.4887727941691207e+00   2.6475195176751129e+01
  -4.1795090812632747e+00  -2.8874662194391885e+00   2.6608652050470482e+01
  -4.3630168105030016e+00  -3.2741502328854732e+00   2.6722873809369645e+01
  -4.5508435326976384e+00  -3.6485408881716488e+00   2.6817659501754420e+01
  -4.7430082320977291e+00  -4.0103717460980501e+00   2.6892827858805418e+01
  -4.9395215974979383e+00  -4.3593941414329151e+00   2.6948217535465623e+01
  -5.1403859346423459e+00  -4.6953774273358402e+00   2.6983687328265226e+01
  -5.3455950897828890e+00  -5.0181091970935370e+00   2.6999116369812075e+01
  -5.5551343845064416e+00  -5.3273954829156960e+00   2.6994404299703767e+01
  -5.7689805619321772e+00  -5.6230609315671041e+00   2.6969471411646097e+01
  -5.9871017443665693e+00  -5.9049489566405633e+00   2.6924258776590925e+01
  -6.2094574024890967e+00  -6.1729218673036721e+00   2.6858728341735606e+01
  -6.4359983361274624e+00  -6.4268609733815563e+00   2.6772863005255047e+01
  -6.6666666666666625e+00  -6.6666666666666679e+00   2.6666666666666664e+01
  -6.9013958411216842e+00  -6.8922584783757781e+00   2.6540164252757936e+01
  -7.1401106478891236e+00  -7.1035751127036990e+00   2.6393401719035591e+01
  -7.3827272441784064e+00  -7.3005744564524004e+00   2.6226446026685004e+01
  -7.6291531951088487e+00  -7.4832335647437764e+00   2.6039385095057764e+01
  -7.8792875244439893e+00  -7.6515486228532454e+00   2.5832327729734995e+01
  -8.1330207769203184e+00  -7.8055348842309664e+00   2.5605403526243357e+01
  -8.3902350921129525e+00  -7.9452265848064414e+00   2.5358762749529923e+01
  -8.6508042897663522e+00  -8.0706768337013219e+00   2.5092576189331417e+01
  -8.9145939665038885e+00  -8.1819574805042077e+00   2.4807034991602347e+01
  -9.1814616038157872e+00  -8.2791589592897985e+00   2.4502350466195345e+01
  -9.4512566872108632e+00  -8.3623901095933384e+00   2.4178753871015715e+01
  -9.7238208364035206e+00  -8.4317779745794326e+00   2.3836496172900361e+01
  -9.9989879463935516e+00  -8.4874675766721932e+00   2.3475847785499596e+01
  -1.0276584339282669e+01  -8.5296216709412853e+00   2.3097098284467862e+01
  -1.0556428926658254e+01  -8.5584204765656686e+00   2.2700556100296630e+01
  -1.0838333382361391e+01  -8.5740613867235442e+00   2.2286548189149951e+01
  -1.1122102325443349e+01  -8.5767586572834755e+00   2.1855419682089448e+01
  -1.1407533513101701e+01  -8.5667430746975732e+00   2.1407533513101686e+01
  -1.1694418043374833e+01  -8.5442616035229371e+00   2.0943270026366136e+01
  -1.1982540567361173e+01  -8.5095770140225664e+00   2.0463026563227363e+01
  -1.2271679510717398e+01  -8.4629674903212475e+00   1.9967217029359276e+01
  -1.2561607304178313e+01  -8.4047262196155934e+00   1.9456271442633103e+01
  -1.2852090622829532e+01  -8.3351609629606820e+00   1.8930635462224014e+01
  -1.3142890633852950e+01  -8.2545936081781086e+00   1.8390769899514133e+01
  -1.3433763252454394e+01  -8.1633597054521836e+00   1.7837150211371203e+01
  -1.3724459405672196e+01  -8.0618079862020320e+00   1.7270265976403834e+01
  -1.4014725303755696e+01  -7.9502998658378168e+00   1.6690620354814254e+01
  -1.4304302718792584e+01  -7.8292089310289903e+00   1.6098729532489724e+01
  -1.4592929270255075e+01  -7.6989204121312502e+00   1.5495122149992417e+01
  -1.4880338717125849e+01  -7.5598306414370731e+00   1.4880338717125841e+01
  -1.5166261256256282e+01  -7.4123464979318499e+00   1.4254931013773016e+01
  -1.5450423826601224e+01  -7.2568848392542602e+00   1.3619461477718687e+01
  -1.5732550418967346e+01  -7.0938719215748698e+00   1.2974502580182811e+01
  -1.6012362390904428e+01  -6.9237428081218404e+00   1.2320636189807747e+01
  -1.6289578786362707e+01  -6.7469407670962571e+00   1.1658452925855183e+01
  -1.6563916659732623e+01  -6.5639166597326248e+00   1.0988551501382119e+01
  -1.6835091403877882e+01  -6.3751283192720170e+00   1.0311538057176918e+01
  -1.7102817081767277e+01  -6.1810399216262049e+00   9.6280254872474966e+00
  -1.7366806761305707e+01  -5.9821213485214866e+00   8.9386327566641661e+00
  -1.7626772852960691e+01  -5.7788475439197420e+00   8.2439842125685168e+00
  -1.7882427449776625e+01  -5.5716978645224851e+00   7.5447088891677794e+00
  -1.8133482669365673e+01  -5.3611554251708604e+00   6.8414398075415814e+00
  -1.8379650997461411e+01  -5.1477064399605155e+00   6.1348132710939627e+00
  -1.8620645632618636e+01  -4.9318395598956339e+00   5.4254681574887114e+00
  -1.8856180831641264e+01  -4.7140452079103170e+00   4.7140452079103259e+00
  -1.9085972255318648e+01  -4.4948149120886889e+00   4.0011863144956266e+00
  -1.9309737314049755e+01  -4.2746406379172788e+00   3.2875338067838449e+00
  -1.9527195512934384e+01  -4.0540141204041573e+00   2.5737297380334487e+00
  -1.9738068795910820e+01  -3.8334261968993770e+00   1.8604151722540994e+00
  -1.9942081888519766e+01  -3.6133661414503750e+00   1.1482294728016118e+00
  -2.0138962638875842e+01  -3.3943210015238958e+00   4.3780959338122161e-01
  -2.0328442356429523e+01  -3.1767749379229966e+00  -2.7021062769827964e-01
  -2.0510256148104542e+01  -2.9612085687235883e+00  -9.7520116918129540e-01
  -2.0684143251398588e+01  -2.7480983180501770e+00  -1.6765365235992968e+00
  -2.0849847364038290e+01  -2.5379157705040010e+00  -2.3735963882548967e+00
  -2.1007116969783254e+01  -2.3311270320500865e+00  -3.0657663496357905e+00
  -2.1155705659978018e+01  -2.1281920981614659e+00  -3.7524385604464712e+00
  -2.1295372450455595e+01  -1.9295642300099454e+00  -4.4330124084544682e+00
  -2.1425882093401491e+01  -1.7356893394825921e+00  -5.1068951763585559e+00
  -2.1547005383792513e+01  -1.5470053837925173e+00  -5.7735026918962369e+00
  -2.1658519460031133e+01  -1.3639417704403023e+00  -6.4322599674208503e+00
  -2.1760208098402551e+01  -1.1869187732697926e+00  -7.0826018281909260e+00
  -2.1851862000988685e+01  -1.0163469603482849e+00  -7.7239735286281297e+00
  -2.1933279076680979e+01  -8.5262663438626696e-01  -8.3558313558155106e+00
  -2.2004264714941591e+01  -6.9614728639680479e-01  -8.9776432195222053e+00
  -2.2064632051971071e+01  -5.4728706327789567e-01  -9.5888892280581146e+00
  -2.2114202228949502e+01  -4.0641224998407743e-01  -1.0189062249279242e+01
  -2.2152804642026997e+01  -2.7387676693573404e-01  -1.0777668456081757e+01
  -2.2180277183749318e+01  -1.5002168329543153e-01  -1.1354227855742579e+01
  -2.2196466475614216e+01  -3.5174746721279959e-02  -1.1918274802483488e+01
  -2.2201228091464461e+01   7.0350069813116534e-02  -1.2469358492656314e+01
  -2.2194426771434330e+01   1.6625300356357009e-01  -1.3007043441967681e+01
  -2.2175936626177240e+01   2.5224891937833149e-01  -1.3530909944184289e+01
  -2.2145641331113751e+01   3.2806770835475874e-01  -1.4040554510781156e+01
  -2.2103434310450776e+01   3.9345466728841672e-01  -1.4535590291019362e+01
  -2.2049218910735036e+01   4.4817085843686222e-01  -1.5015647471963428e+01
  -2.1982908563715785e+01   4.9199344914485899e-01  -1.5480373657972251e+01
  -2.1904426938304873e+01   5.2471603090233643e-01  -1.5929434229223242e+01
  -2.1813708081434697e+01   5.4614891743194960e-01  -1.6362512678854330e+01
  -2.1710696547627901e+01   5.5611942142888182e-01  -1.6779310928334425e+01
  -2.1595347517105942e+01   5.5447210960175575e-01  -1.7179549620699881e+01
  -2.1467626902277274e+01   5.4106903569041975e-01  -1.7562968391320503e+01
  -2.1327511442459574e+01   5.1578995116331328e-01  -1.7929326115886784e+01
  -2.1174988786704404e+01   4.7853249332479386e-01  -1.8278401135337166e+01
  -2.1010057564606772e+01   4.2921235059055896e-01  -1.8609991457472297e+01
  -2.0832727444996468e+01   3.6776340471745605e-01  -1.8923914935031423e+01
  -2.0643019182422055e+01   2.9413784980228463e-01  -1.9220009420034888e+01
  -2.0440964651353447e+01   2.0830628789305727e-01  -1.9498132894224948e+01
  -2.0226606868042968e+01   1.1025780108462158e-01  -1.9758163575466767e+01
  -2.0000000000000004e+01   7.1054273576010019e-15  -1.9999999999999993e+01
  -1.9761209363048746e+01  -1.2244095141248934e-01  -2.0223561080460989e+01
  -1.9510311405953434e+01  -2.5702033480695086e-01  -2.0428786139624961e+01
  -1.9247393682610237e+01  -4.0367490010362239e-01  -2.0615634919846713e+01
  -1.8972554811819791e+01  -5.6232291187088279e-01  -2.0784087568208101e+01
  -1.8685904424669225e+01  -7.3286421937821267e-01  -2.0934144597409848e+01
  -1.8387563099566965e+01  -9.1518035024392574e-01  -2.1065826822474612e+01
  -1.8077662284988968e+01  -1.1091346275719900e+00  -2.1179175273357398e+01
  -1.7756344210008859e+01  -1.3145723104437845e+00  -2.1274251083588922e+01
  -1.7423761782699788e+01  -1.5313207576013230e+00  -2.1351135355106038e+01
  -1.7080078476509769e+01  -1.7591896141301895e+00  -2.1409928999452568e+01
  -1.6725468204726852e+01  -1.9979710209219714e+00  -2.1450752555562186e+01
  -1.6360115183164620e+01  -2.2474398466677901e+00  -2.1473745984363504e+01
  -1.5984213781212720e+01  -2.5073539421066702e+00  -2.1479068440475324e+01
  -1.5597968361410572e+01  -2.7774544162253711e+00  -2.1466898021287903e+01
  -1.5201593107716905e+01  -3.0574659340785235e+00  -2.1437431493753245e+01
  -1.4795311842660455e+01  -3.3470970358718830e+00  -2.1390883999234461e+01
  -1.4379357833570928e+01  -3.6460404769248225e+00  -2.1327488736790613e+01
  -1.3953973588102404e+01  -3.9539735881023894e+00  -2.1247496625299622e+01
  -1.3519410639273630e+01  -4.2705586562822972e+00  -2.1151175944847161e+01
  -1.3075929320263043e+01  -4.5954433243968644e+00  -2.1038811957834675e+01
  -1.2623798529207981e+01  -4.9282610105661000e+00  -2.0910706510283937e+01
  -1.2163295484269351e+01  -5.2686313458145566e+00  -2.0767177613839422e+01
  -1.1694705469235547e+01  -5.6161606298410547e+00  -2.0608559008993218e+01
  -1.1218321569949746e+01  -5.9704423042885537e+00  -2.0435199710079456e+01
  -1.0734444401856290e+01  -6.3310574429394517e+00  -2.0247463532607522e+01
  -1.0243381828972252e+01  -6.6975752582406294e+00  -2.0045728603524253e+01
  -9.7454486746007749e+00  -7.0695536235422338e+00  -1.9830386855016052e+01
  -9.2409664241121412e+00  -7.4465396104149937e+00  -1.9601843502481351e+01
  -8.7302629201288102e+00  -7.8280700403914603e+00  -1.9360516507323194e+01
  -8.2136720504591807e+00  -8.2136720504591807e+00  -1.9106836025229590e+01
  -7.6915334291333863e+00  -8.6028636716166424e+00  -1.8841243840626682e+01
  -7.1641920709034750e+00  -8.9951544197860027e+00  -1.8564192788006608e+01
  -6.6319980595773131e+00  -9.3900458983618158e+00  -1.8276146160847198e+01
  -6.0953062105633409e+00  -9.7870324116600393e+00  -1.7977577108855726e+01
  -5.5544757280104040e+00  -1.0185601588517944e+01  -1.7668968024282808e+01
  -5.0098698569326512e+00  -1.0585235015283146e+01  -1.7350809918065259e+01
  -4.4618555307166048e+00  -1.0985408877417559e+01  -1.7023601786569259e+01
  -3.9108030144119885e+00  -1.1385594608931761e+01  -1.6687849969715838e+01
  -3.3570855442135357e+00  -1.1785259548855048e+01  -1.6344067501281113e+01
  -2.8010789635453910e+00  -1.2183867603937559e+01  -1.5992773452172788e+01
  -2.2431613561639794e+00  -1.2580879916772792e+01  -1.5634492267492789e+01
  -1.6837126766981636e+00  -1.2975755538522272e+01  -1.5269753098202777e+01
  -1.1231143790497913e+00  -1.3367952105417258e+01  -1.4899089128216115e+01
  -5.6174904307872797e-01  -1.3756926518208648e+01  -1.4523036897744317e+01
  -1.1739199022586799e-14  -1.4142135623730944e+01  -1.4142135623730956e+01
   5.6174904307870799e-01  -1.4523036897744307e+01  -1.3756926518208662e+01
   1.1231143790497713e+00  -1.4899089128216104e+01  -1.3367952105417272e+01
   1.6837126766981401e+00  -1.5269753098202765e+01  -1.2975755538522284e+01
   2.2431613561639594e+00  -1.5634492267492778e+01  -1.2580879916772806e+01
   2.8010789635453710e+00  -1.5992773452172777e+01  -1.2183867603937573e+01
   3.3570855442135157e+00  -1.6344067501281103e+01  -1.1785259548855064e+01
   3.9108030144119672e+00  -1.6687849969715828e+01  -1.1385594608931775e+01
   4.4618555307165835e+00  -1.7023601786569252e+01  -1.0985408877417573e+01
   5.0098698569326281e+00  -1.7350809918065252e+01  -1.0585235015283160e+01
   5.5544757280103827e+00  -1.7668968024282801e+01  -1.0185601588517958e+01
   6.0953062105633222e+00  -1.7977577108855719e+01  -9.7870324116600571e+00
   6.6319980595772936e+00  -1.8276146160847190e+01  -9.3900458983618336e+00
   7.1641920709034572e+00  -1.8564192788006601e+01  -8.9951544197860205e+00
   7.6915334291333668e+00  -1.8841243840626678e+01  -8.6028636716166584e+00
   8.2136720504591629e+00  -1.9106836025229583e+01  -8.2136720504591949e+00
   8.7302629201287925e+00  -1.9360516507323190e+01  -7.8280700403914754e+00
   9.2409664241121217e+00  -1.9601843502481344e+01  -7.4465396104150097e+00
   9.7454486746007625e+00  -1.9830386855016048e+01  -7.0695536235422498e+00
   1.0243381828972236e+01  -2.0045728603524253e+01  -6.6975752582406418e+00
   1.0734444401856273e+01  -2.0247463532607519e+01  -6.3310574429394695e+00
   1.1218321569949730e+01  -2.0435199710079452e+01  -5.9704423042885733e+00
   1.1694705469235529e+01  -2.0608559008993218e+01  -5.6161606298410707e+00
   1.2163295484269332e+01  -2.0767177613839422e+01  -5.2686313458145726e+00
   1.2623798529207964e+01  -2.0910706510283934e+01  -4.9282610105661142e+00
   1.3075929320263029e+01  -2.1038811957834675e+01  -4.5954433243968804e+00
   1.3519410639273612e+01  -2.1151175944847161e+01  -4.2705586562823150e+00
   1.3953973588102386e+01  -2.1247496625299618e+01  -3.9539735881024054e+00
   1.4379357833570914e+01  -2.1327488736790613e+01  -3.6460404769248402e+00
   1.4795311842660437e+01  -2.1390883999234461e+01  -3.3470970358718990e+00
   1.5201593107716889e+01  -2.1437431493753248e+01  -3.0574659340785342e+00
   1.5597968361410556e+01  -2.1466898021287903e+01  -2.7774544162253836e+00
   1.5984213781212706e+01  -2.1479068440475331e+01  -2.5073539421066862e+00
   1.6360115183164609e+01  -2.1473745984363511e+01  -2.2474398466678043e+00
   1.6725468204726837e+01  -2.1450752555562190e+01  -1.9979710209219856e+00
   1.7080078476509755e+01  -2.1409928999452568e+01  -1.7591896141302019e+00
   1.7423761782699771e+01  -2.1351135355106045e+01  -1.5313207576013355e+00
   1.7756344210008848e+01  -2.1274251083588929e+01  -1.3145723104437987e+00
   1.8077662284988953e+01  -2.1179175273357405e+01  -1.1091346275720042e+00
   1.8387563099566954e+01  -2.1065826822474619e+01  -9.1518035024393996e-01
   1.8685904424669211e+01  -2.0934144597409855e+01  -7.3286421937822865e-01
   1.8972554811819780e+01  -2.0784087568208108e+01  -5.6232291187089345e-01
   1.9247393682610227e+01  -2.0615634919846720e+01  -4.0367490010363660e-01
   1.9510311405953424e+01  -2.0428786139624975e+01  -2.5702033480696329e-01
   1.9761209363048735e+01  -2.0223561080461000e+01  -1.2244095141250178e-01
