16
10
0.00000000000000000 0.00000000000000000 9 95.93747964169165200 0.00000000000000000 8 70.92118768818666300 61.67807663097966800 7
0.00000000000000000 0.00000000000000000 9 93.98936110007345200 0.00000000000000000 7 33.29100191104027600 98.11069866104875800 0
0.00000000000000000 0.00000000000000000 0 115.36897329871667000 0.00000000000000000 7 30.20742839564444900 103.06071642348512000 1
0.00000000000000000 0.00000000000000000 7 66.55824516917495300 0.00000000000000000 8 50.78258886496868700 140.17891663217961000 2
0.00000000000000000 0.00000000000000000 1 133.69367973094316000 0.00000000000000000 7 28.89441002577115500 106.04769242780635000 2
0.00000000000000000 0.00000000000000000 8 95.93747964169165200 0.00000000000000000 9 -5.06579912058476100 116.31138241492052000 3
0.00000000000000000 0.00000000000000000 2 141.06381534610497000 0.00000000000000000 8 67.30996164185469900 90.07979276048568800 3
0.00000000000000000 0.00000000000000000 9 103.60501918343532000 0.00000000000000000 0 11.26393305264291200 112.72587907036068000 4
0.00000000000000000 0.00000000000000000 3 154.04544783926593000 0.00000000000000000 9 78.11331116097289900 84.07324556283661800 4
0.00000000000000000 0.00000000000000000 0 107.39646176667088000 0.00000000000000000 1 60.43029624290740300 102.47526187326604000 5
0.00000000000000000 0.00000000000000000 1 109.91360243391171000 0.00000000000000000 2 10.70841073294545600 112.21555123767178000 5
0.00000000000000000 0.00000000000000000 4 145.71890748972831000 0.00000000000000000 0 71.67909902657118000 93.11877771287058200 5
0.00000000000000000 0.00000000000000000 2 112.44998888394787000 0.00000000000000000 3 76.21165715582706900 109.63933287631164000 6
0.00000000000000000 0.00000000000000000 3 114.76062042355818000 0.00000000000000000 4 76.89048706283048800 86.15017701224239500 6
0.00000000000000000 0.00000000000000000 5 149.77983842960975000 0.00000000000000000 2 30.29112627953729500 59.59402376679329900 6
0.00000000000000000 0.00000000000000000 4 117.51170154499508000 0.00000000000000000 5 77.42207695389711800 53.49599985180978500 6
5 0
3 0
1 0
0 2
2 0
7 0
1 1
4 0
9 0
0 1
6 0
4 1
2 1
3 2
10 0
0 0
8 0
6 1
3 1
5 2
12 0
1 2
11 0
8 1
5 1
7 2
13 0
2 2
10 2
11 1
4 2
14 0
9 1
7 1
9 2
15 0
6 2
13 2
14 1
8 2
15 2
12 1
10 1
12 2
15 1
11 2
14 2
13 1
0 0
